	PD_whole_tree	shannon	simpson	observed_otus
CS.003	40.0	2.45390409457	0.791768904636	7.0
CS.006	44.0	2.70741177155	0.826004068356	8.0
CS.019	51.0	2.74967269876	0.809660082305	10.0
CS.032	40.0	2.63112628076	0.807571089304	8.0
CS.043	52.0	3.04356657519	0.868371821922	10.0
CS.049	31.0	2.2615810537	0.747738257722	6.0
CS.050	40.0	2.78074307304	0.824290093413	8.0
CS.061	55.0	3.12225310491	0.874845776817	11.0
CS.075	39.0	2.22134051239	0.74273666579	8.0
CS.095	33.0	2.4023182596	0.79134815691	6.0
CS.183	63.0	2.90980165547	0.823904299666	12.0
L.006.M1	37.0	2.43442236912	0.784003292181	7.0
L.008.M1	23.0	1.68918603925	0.673470010292	4.0
T.CS.180	78.0	3.01347882997	0.834466387197	16.0
CS.033	35.0	1.70429022004	0.643215478742	6.0
CS.037	28.0	2.27586823334	0.788023219221	5.0
CS.072	50.0	2.79178783297	0.843697339864	9.0
CS.117	56.0	2.83145669282	0.817079280361	11.0
CS.120	35.0	2.28090433823	0.770555784018	6.0
CS.145	100.0	3.03662824741	0.825629930052	19.0
CS.165	68.0	3.21507906245	0.873210250768	14.0
CS.172	30.0	2.27055030551	0.763354627169	6.0
CS.199	40.0	2.37040277622	0.777162442708	8.0
CS.201	30.0	2.27055030551	0.763354627169	6.0
CS.203	46.0	2.54589709604	0.798193620224	8.0
CS.212	57.0	3.18648291766	0.8706775092	13.0
CS.214	47.0	3.0506774224	0.872208171312	9.0
CS.218	44.0	2.72328755826	0.824627305624	8.0
CS.263	39.0	2.37668774796	0.747838026875	7.0
CS.264	12.0	0.727126138087	0.323123584946	2.0
CS.278	51.0	2.81747594072	0.836855491569	9.0
CS.297	45.0	2.26130365619	0.759000091492	8.0
CS.311	37.0	2.937023757	0.851736453029	9.0
CS.350	56.0	2.4904480122	0.69720655638	12.0
CS.351	65.0	3.19088537504	0.866000570692	13.0
CS.388	34.0	2.3444230459	0.782461370772	6.0
CS.395	71.0	3.1745285996	0.856658245211	14.0
T.CS.111	33.0	1.56964299147	0.492519764354	7.0
CS.177	84.0	3.26932170363	0.84791696935	16.0
CS.186	55.0	2.99112869941	0.855993656693	10.0
CS.243	24.0	1.74711840311	0.663510284948	4.0
CS.265	32.0	1.91281222159	0.654433694377	6.0
CS.270	65.0	2.99191129403	0.849760809316	12.0
CS.280	44.0	2.57940054234	0.806480413516	8.0
CS.305	68.0	2.95732664486	0.840602619251	13.0
CS.323	62.0	2.80197172817	0.828897189966	12.0
CS.332	51.0	3.35332185341	0.896222287935	11.0
L.001.M3	44.0	2.47123004124	0.788072154837	8.0
L.001.M4	36.0	2.23633157823	0.724473975982	7.0
L.001.M5	30.0	1.75399986091	0.663119663595	5.0
L.001.MEXTRA.NOSAMPLE	29.0	1.98146814083	0.705906848055	6.0
L.002.M0	29.0	2.0652509051	0.72590275931	5.0
L.004.M2	47.0	2.71933587142	0.828015357013	8.0
L.004.M4	34.0	1.9835128955	0.680335936213	6.0
L.004.M5	45.0	2.45346257271	0.771595944151	8.0
L.006.M3	30.0	1.95155271082	0.693685595277	6.0
L.008.M2	29.0	1.95069474194	0.714374164469	5.0
L.008.M3	41.0	2.28218370072	0.74254066606	7.0
L.008.M5	29.0	2.23065717661	0.773787103886	5.0
L.022.M3	32.0	1.99033319011	0.639866588501	7.0
L.031.M2	59.0	2.8521801815	0.837253033252	12.0
L.031.M4	38.0	1.99965891798	0.612672281532	8.0
L.031.M6	48.0	2.93816937708	0.829653443913	11.0
L.035.M2	32.0	2.08745619564	0.682086363413	6.0
L.035.M4.NOSAMPLE	46.0	2.6344414866	0.811600479384	9.0
L.035.M5	49.0	2.75030477895	0.804583666155	9.0
L.035.M5.1	46.0	2.88398247419	0.853643966547	9.0
T.CS.116	72.0	2.5290812255	0.669605739853	16.0
T.CS.119	36.0	1.91980935145	0.667009589287	7.0
T.CS.163	60.0	2.75191235579	0.799915115094	12.0
CS.029	46.0	2.9286542605	0.86342917871	8.0
CS.096	33.0	2.01487335478	0.696734464099	6.0
CS.101	38.0	2.28552403834	0.758244939339	7.0
CS.115	98.0	3.25105632143	0.860244869772	19.0
CS.182	70.0	3.45148637688	0.890774505881	14.0
CS.349	82.0	2.94824123734	0.807233978858	15.0
CS.389	74.0	3.7674378804	0.914278542343	17.0
CS.390	69.0	2.94640680628	0.840505599659	14.0
CS.391	89.0	3.01070752404	0.814232090079	17.0
CS.393	51.0	2.67695849994	0.803576371286	9.0
L.001.M2.NOSAMPLE	35.0	2.18104909153	0.698377007608	7.0
L.036.M6	31.0	1.93419312804	0.66315857438	6.0
L.025.M6	40.0	2.29168635615	0.761964724556	7.0
T.CS.093	56.0	2.98171150925	0.844679434697	11.0
T.CS.162	50.0	2.17844755795	0.683155832269	9.0
T.CS.019	29.0	1.7064086586	0.611549610661	5.0
CS.086	41.0	2.60776637319	0.819625187881	7.0
CS.166	65.0	2.93933543479	0.805585471965	14.0
CS.233	28.0	2.04849105545	0.727708863467	5.0
CS.283	53.0	2.81677073371	0.823892417096	10.0
CS.372	92.0	4.01142477838	0.928226136971	21.0
CS.377	79.0	3.37349818906	0.863323016498	16.0
L.004.M1	39.0	2.33074054113	0.764466738846	7.0
T.CS.025	47.0	2.80397686745	0.821811077372	9.0
T.CS.096	57.0	2.71796316753	0.803026860818	12.0
CS.181	98.0	3.68754966808	0.907020416605	20.0
CS.255	55.0	3.05952280743	0.838230866478	12.0
CS.275	82.0	3.29812027824	0.85848732773	19.0
CS.385	77.0	3.68931654101	0.911142075841	16.0
CS.386	58.0	2.92339535468	0.84154578455	11.0
CS.370	72.0	3.18770583477	0.852708514764	14.0
CS.228	49.0	3.21085903836	0.883538193094	10.0
CS.256	44.0	2.72167637203	0.822162162162	8.0
CS.359	81.0	3.41287191846	0.888123033504	16.0
CS.158	40.0	2.22071093496	0.734690727548	7.0
CS.223	56.0	3.0696434752	0.870691728592	10.0
CS.308.0	51.0	1.96512547635	0.612784780024	9.0
CS.326	83.0	3.40634588476	0.850853103012	17.0
CS.369	67.0	3.15406735276	0.857208086778	13.0
CS.252	91.0	3.63634869109	0.905714077402	17.0
CS.077	47.0	2.81916670158	0.850772664154	9.0
T.CS.177	48.0	2.97622476805	0.843142601235	11.0
CS.249	51.0	2.76728990329	0.83873094499	10.0
CS.325	31.0	2.48633799412	0.808306640912	6.0
CS.363	64.0	2.81294856189	0.799104743349	13.0
CS.131	39.0	2.41513528807	0.790230846437	7.0
CS.206	18.0	1.5246347659	0.638093048003	3.0
CS.036	47.0	2.52507960807	0.801901911351	8.0
CS.268	71.0	3.09970533742	0.824912406727	14.0
CS.146	87.0	3.70070332484	0.903516607243	18.0
CS.039	40.0	2.32939788544	0.774666322275	7.0
CS.063	72.0	3.17183635704	0.86374307884	15.0
CS.079	52.0	2.73041599733	0.824596418159	9.0
CS.210	29.0	1.99536285005	0.714822691585	6.0
CS.293	34.0	2.0590538578	0.688856214475	6.0
CS.319	39.0	2.65193284251	0.823394138	7.0
T.CS.127	78.0	3.28061084211	0.855704585061	18.0
T.CS.128	55.0	2.71624310736	0.779350894986	11.0
T.CS.133	46.0	2.80304128043	0.793617341086	10.0
T.CS.157	47.0	1.98402202149	0.655370529321	8.0
CS.176	39.0	2.28430237075	0.711193762129	7.0
CS.227	42.0	2.66524073916	0.808056325023	8.0
CS.331	35.0	1.86567143046	0.651862096332	6.0
CS.362	61.0	3.1694700827	0.870578076875	11.0
CS.380	47.0	2.78388102645	0.828733735161	9.0
CS.235	51.0	3.04008135467	0.862568055556	10.0
L.005.M4	35.0	2.4070015022	0.769105756459	7.0
L.007.M3.NOSAMPLE	29.0	2.04420829429	0.710493542938	6.0
CS.298	39.0	2.32067472452	0.755187886173	7.0
T.CS.159	44.0	1.36624277949	0.419358744524	9.0
CS.164	50.0	3.00041954399	0.848117539027	11.0
L.034.M0	40.0	2.13067982853	0.706130331827	9.0
T.CS.007	20.0	1.60253980315	0.539115076877	5.0
T.CS.130	50.0	2.02608135184	0.642406022969	9.0
TFS.025	42.0	2.57325291329	0.807742903383	8.0
CS.360	65.0	3.30308111625	0.881113749088	12.0
CS.060	59.0	2.98420908109	0.836606973414	13.0
CS.128	54.0	2.76704332428	0.808747015361	12.0
CS.147	46.0	2.47009095513	0.78636252295	8.0
CS.195	66.0	3.38137847055	0.883061565403	15.0
CS.309	68.0	2.70479416245	0.769810180039	13.0
CS.231	60.0	2.85016705745	0.818624993887	13.0
CS.188	35.0	1.96979537406	0.703980530016	6.0
CS.129	63.0	3.10836658344	0.856469994108	12.0
CS.184	34.0	2.53872750927	0.82261853761	6.0
CS.374	38.0	2.44057851242	0.775541582844	7.0
CS.242	38.0	2.25940297401	0.713369540369	8.0
CS.066	36.0	2.90994537635	0.861521658053	8.0
CS.159	44.0	2.09375441723	0.714585769204	8.0
CS.276	50.0	2.3868516924	0.739720401263	9.0
CS.290	42.0	2.58595316226	0.80008371837	8.0
CS.322	33.0	2.39111249375	0.780186763677	6.0
T.CS.143	43.0	2.10197289927	0.668886354887	8.0
CS.125	70.0	3.08383129526	0.846359602924	14.0
CS.345	23.0	1.73177745319	0.642970271453	4.0
CS.345.0	23.0	1.73177745319	0.642970271453	4.0
CS.067	56.0	2.1618395387	0.630869470261	10.0
CS.222	39.0	2.74150474998	0.833758553855	8.0
CS.135	45.0	2.61840468336	0.792013342317	9.0
CS.149	39.0	2.42158404024	0.745924185853	8.0
CS.150	27.0	2.28721929342	0.790526049996	5.0
CS.156	56.0	2.83765207473	0.835354183782	10.0
CS.187	62.0	3.55147394176	0.895161475504	16.0
CS.189	35.0	2.67818449854	0.828464520145	8.0
CS.204	34.0	2.69175746279	0.833504207783	7.0
CS.247	66.0	3.08991907712	0.854350063198	12.0
CS.269	39.0	1.70539396817	0.556603603441	7.0
CS.288	40.0	2.46621365241	0.755508554541	9.0
CS.292	38.0	2.39327441242	0.77613684635	7.0
CS.303	50.0	3.0723306742	0.867805246078	10.0
CS.320	39.0	2.62986340943	0.822022574203	7.0
CS.337	29.0	2.1085755251	0.736083591593	5.0
CS.344	41.0	2.3182840837	0.768177954976	8.0
CS.348	35.0	2.22966785699	0.740685127037	7.0
CS.379	23.0	1.51658136943	0.562499219618	4.0
TFS.024	23.0	1.81873030298	0.679207799482	4.0
CS.316	52.0	2.72664412418	0.805514219577	10.0
CS.018	30.0	2.04067796487	0.678085469006	6.0
CS.026	29.0	2.06562540469	0.734439553088	5.0
CS.028	35.0	2.55541219808	0.809866167287	7.0
CS.137	53.0	3.14260155857	0.869101133787	11.0
CS.213	22.0	1.69987851961	0.663158400615	4.0
L.033.M6	34.0	2.21048244368	0.753743964286	6.0
T.CS.032	40.0	2.02876079367	0.658346362284	7.0
CS.111	38.0	2.48788947462	0.80244540324	7.0
L.032.M4	29.0	1.5582214813	0.530996489105	5.0
CS.321	34.0	2.40371798841	0.772818017733	7.0
CS.152	44.0	3.0259092322	0.862154821186	9.0
CS.169	34.0	2.08598340982	0.723077773763	6.0
T.CS.148	85.0	3.34519534349	0.865771526489	20.0
CS.055	50.0	2.72978992067	0.807341363786	10.0
CS.113	49.0	2.94960093474	0.841679876196	10.0
CS.119	60.0	3.18755957615	0.873822541896	13.0
CS.160	47.0	2.71669129391	0.81781700862	10.0
CS.167	50.0	2.28578461398	0.746697611241	9.0
CS.170	55.0	2.48620110446	0.763933775506	10.0
CS.171	62.0	2.76006752471	0.813656724331	12.0
CS.230	46.0	2.36126961007	0.75780465453	10.0
CS.008	39.0	2.5010559345	0.79163473895	7.0
CS.011	39.0	2.29446026325	0.744015096531	7.0
CS.014	23.0	1.36801519326	0.488292987996	4.0
CS.040	25.0	2.269573451	0.785952178968	5.0
CS.122	44.0	2.84253809488	0.845763774784	9.0
CS.123	49.0	2.79474851249	0.84140778343	10.0
T.CS.072	24.0	1.56329075015	0.562736837354	5.0
T.CS.124	84.0	2.78361760519	0.737309743667	19.0
CS.030	40.0	2.80728068172	0.84090175422	8.0
CS.034	24.0	1.97204785059	0.661416320777	6.0
CS.041	32.0	1.45799345967	0.451210978468	6.0
CS.044	23.0	1.19763732099	0.419215094787	4.0
CS.045	24.0	1.97204785059	0.661416320777	6.0
CS.046	84.0	3.66057722822	0.897487715889	20.0
CS.047	37.0	2.80275213796	0.848339233734	8.0
CS.052	34.0	2.00199744194	0.70674723236	6.0
CS.058	48.0	2.65476774695	0.791061533215	10.0
CS.065	51.0	3.15603067439	0.871692446243	11.0
CS.073	41.0	2.3256004003	0.746454768953	8.0
CS.082	28.0	1.77166033446	0.646520264964	5.0
CS.098	36.0	2.3415908121	0.749617518373	7.0
CS.126	29.0	2.38946765861	0.790036396507	6.0
CS.133	34.0	2.4420862489	0.775594068368	7.0
CS.134	48.0	2.6143028457	0.790856073877	10.0
CS.138	28.0	2.12181189156	0.747664772356	5.0
CS.155	59.0	2.86700397544	0.809290666667	11.0
CS.157	24.0	1.89926907666	0.718434427068	4.0
CS.163	50.0	2.83689812932	0.824291815532	12.0
CS.173	25.0	1.50346442548	0.549066666667	5.0
CS.196	39.0	2.23123627694	0.759516429846	7.0
CS.215	42.0	2.84075859348	0.848944636678	8.0
CS.220	36.0	1.9451633417	0.631937445803	8.0
CS.221	25.0	1.50346442548	0.549066666667	5.0
CS.236	29.0	1.62437819654	0.622333243316	5.0
CS.237	32.0	2.15535428693	0.702342492534	7.0
CS.238	34.0	1.64495635085	0.561772238525	6.0
CS.261	29.0	2.05379536174	0.690999327922	6.0
CS.272	63.0	2.73221320104	0.802796098158	13.0
CS.274	53.0	3.30620134753	0.876419982769	14.0
CS.277	30.0	2.48201587498	0.809273685773	6.0
CS.286	52.0	2.23114159681	0.664425713294	11.0
CS.300	58.0	3.06543802679	0.842115041617	14.0
CS.301	62.0	3.17774086489	0.865517657816	14.0
CS.327	40.0	2.13500780522	0.691053008549	7.0
CS.330	57.0	2.64387124264	0.792190746204	12.0
CS.335	23.0	1.74596245014	0.658604060618	4.0
CS.338	23.0	1.95142318002	0.734743065437	4.0
CS.343	39.0	2.275547272	0.739004426939	7.0
CS.364	45.0	2.69894177775	0.809821606648	9.0
CS.367	39.0	2.25813940976	0.748409216861	7.0
CS.382	34.0	2.30871433118	0.781147316247	6.0
L.002.M4	48.0	2.87945017048	0.837280789069	10.0
L.003.M5	44.0	2.34649865256	0.695975456538	10.0
L.005.M3	46.0	2.40052716011	0.737391709426	9.0
L.007.M1	38.0	2.49811593232	0.793524534603	7.0
L.012.M1	39.0	2.22435091919	0.742890162683	7.0
L.025.M4	30.0	1.86106945534	0.675170552214	6.0
L.032.M6	33.0	1.90369287653	0.696246875137	6.0
L.036.M1	35.0	2.45635715363	0.783647305209	7.0
T.CS.001	40.0	2.47299686655	0.777321611113	8.0
T.CS.004	22.0	1.78013704967	0.672105160265	4.0
T.CS.005	27.0	2.03212781351	0.724488811728	5.0
T.CS.009	22.0	1.73384345831	0.670695098597	4.0
T.CS.014	18.0	1.1139917474	0.457411452711	3.0
T.CS.018	18.0	1.15374288599	0.470950587924	3.0
T.CS.021	22.0	1.18993825949	0.41120738245	4.0
T.CS.031	33.0	1.74223594678	0.558466149578	6.0
T.CS.033	45.0	2.58474613052	0.789696929681	8.0
T.CS.034	31.0	2.44932954241	0.784143464334	7.0
T.CS.035	38.0	2.2709353223	0.717479437157	7.0
T.CS.037	19.0	1.12026532241	0.414106445313	4.0
T.CS.042	18.0	1.09649888997	0.451716101513	3.0
T.CS.046	28.0	1.83243496062	0.644970384194	6.0
T.CS.048	38.0	1.72189867979	0.578950665087	7.0
T.CS.049	34.0	2.30307164514	0.733439800168	7.0
T.CS.055	28.0	1.48303831177	0.576922635445	5.0
T.CS.065	28.0	1.68721539484	0.601662700773	5.0
T.CS.074	29.0	1.79014578096	0.575889689687	6.0
T.CS.075	23.0	1.81376470962	0.684763908762	4.0
T.CS.079	34.0	1.64592518319	0.537299239222	7.0
T.CS.083	33.0	2.44338388707	0.778540063377	7.0
T.CS.087	31.0	2.08823604355	0.688677168515	6.0
T.CS.089	23.0	1.70539166837	0.631410732868	4.0
T.CS.091	34.0	1.34921984275	0.439634563575	7.0
T.CS.109	38.0	2.12806644078	0.72647339523	7.0
T.CS.118	46.0	2.07274024196	0.638503961255	10.0
T.CS.126	49.0	2.46609010325	0.773577358983	9.0
T.CS.134	50.0	2.07575172281	0.666537474078	10.0
T.CS.138	48.0	2.2396978087	0.682427065604	10.0
T.CS.139	42.0	2.40832825582	0.715471406075	9.0
T.CS.153	39.0	2.01021417822	0.656285102474	8.0
T.CS.170	50.0	2.07275645625	0.638228933512	12.0
T.CS.171	61.0	3.32891295792	0.84118107184	17.0
TFS.004	41.0	1.13072088617	0.345747621644	7.0
TFS.021	40.0	2.22634007414	0.708281326356	7.0
TFS.022	28.0	1.44719611846	0.496517228492	5.0
TFS.028	18.0	1.47555132277	0.620170601009	3.0
CS.234	30.0	2.16826640738	0.720850333561	6.0
CS.302	38.0	2.85098973323	0.82885225334	10.0
CS.334	53.0	3.33623051744	0.877318545973	13.0
T.CS.011	22.0	1.33614068248	0.520037187705	4.0
CS.059	24.0	1.87963239796	0.707737145806	4.0
CS.217	24.0	1.63820369989	0.578727558315	5.0
L.005.M2	33.0	2.34105038011	0.782325577861	6.0
L.007.M2	32.0	2.26968905864	0.754912815043	6.0
L.007.M6	22.0	1.65945657379	0.631154089095	4.0
L.022.M2	34.0	2.27130817502	0.75969287498	6.0
L.025.M5	36.0	2.24724122445	0.743283409117	7.0
T.CS.029	23.0	1.61710030789	0.614871833648	4.0
T.CS.052	31.0	2.15067727639	0.718563809095	6.0
T.CS.061	30.0	2.00055176712	0.673604081198	6.0
CS.068	75.0	2.77293727139	0.7936584308	15.0
T.CS.054	39.0	2.47449647845	0.78208292656	7.0
T.CS.068	24.0	1.55412036022	0.521192790842	6.0
T.CS.077	23.0	1.86394524581	0.697781405896	4.0
TFS.023	35.0	1.68610782756	0.566255456311	6.0
T.CS.022	33.0	2.17794180529	0.72947652837	6.0
CS.284	45.0	2.66489959208	0.820910752297	8.0
CS.013	30.0	1.75136549439	0.584460272959	6.0
CS.090	34.0	2.32380954452	0.770822670437	6.0
CS.368	54.0	2.97857417496	0.850584520605	10.0
CS.375	24.0	1.85715231742	0.694884519947	5.0
CS.285	63.0	3.22459656837	0.870654082143	13.0
T.CS.154	37.0	2.19408640403	0.707763056248	8.0
L.032.M0	84.0	3.2900586488	0.834786078551	21.0
L.033.M0	69.0	2.61737729881	0.744177455862	15.0
T.CS.136	39.0	2.0042782403	0.610465819857	9.0
T.CS.122	42.0	2.1529968936	0.697903451046	8.0
CS.071	49.0	2.64310155261	0.81607024002	9.0
T.CS.047	34.0	1.86878166732	0.665299039587	6.0
T.CS.108	33.0	1.98080808895	0.62255129304	8.0
CS.232	78.0	3.12784298733	0.842479189805	15.0
L.005.M1	58.0	2.98912938864	0.823524987953	12.0
L.012.M2	18.0	1.51082353152	0.634269584991	3.0
L.001.M0	30.0	1.96779390023	0.707786465814	6.0
CS.258	23.0	1.85997883255	0.698854888765	4.0
CS.328	35.0	2.16199081679	0.724623756802	8.0
L.036.M0	58.0	2.51330255542	0.69074836153	14.0
T.CS.145	30.0	2.05962701773	0.638988360869	8.0
CS.004	41.0	2.60385246852	0.79291003707	8.0
CS.053	36.0	1.78436039446	0.661316526866	6.0
CS.103	38.0	2.13652939009	0.674339663344	7.0
CS.114	29.0	1.80994008001	0.675995160059	6.0
CS.116	46.0	2.70641831643	0.831980321448	8.0
CS.124	45.0	2.62618379296	0.822162636048	9.0
CS.153	28.0	1.75933609335	0.61403190914	5.0
CS.161	42.0	2.81851840217	0.835102127831	9.0
CS.178	56.0	3.00555058155	0.818296800202	13.0
CS.191	36.0	2.12866513205	0.712459473173	7.0
CS.207	23.0	1.8364482177	0.689371428571	4.0
CS.224	43.0	2.80492901155	0.838503562719	8.0
CS.253	49.0	2.92283912182	0.85607300657	9.0
CS.304	35.0	1.82486583233	0.640300616625	6.0
CS.306	49.0	2.85611199373	0.834552012512	9.0
CS.307	34.0	2.14836060733	0.671402267446	7.0
CS.329	41.0	2.73615671566	0.829185347321	9.0
CS.384	12.0	0.829274304872	0.386409293388	2.0
CS.500	12.0	0.829274304872	0.386409293388	2.0
L.007.M4	29.0	2.08841565624	0.725510150495	6.0
L.008.M4	40.0	2.45650500462	0.781063368102	8.0
L.012.M6	28.0	1.78768082494	0.658857881814	5.0
L.036.M5	46.0	2.68512238079	0.807982085561	9.0
T.CS.016	12.0	0.995550493283	0.496919008958	2.0
T.CS.041	29.0	1.65214174913	0.58533218077	5.0
T.CS.082	41.0	2.61217839023	0.759698161335	9.0
T.CS.086	29.0	1.95821499606	0.67695743427	5.0
T.CS.092	35.0	2.38825370802	0.779568011226	6.0
T.CS.140	54.0	2.48101915554	0.782379882856	10.0
T.CS.017	27.0	1.95016135891	0.693431052945	5.0
T.CS.044	23.0	1.47501676297	0.569506246282	4.0
T.CS.110	25.0	2.03487176541	0.730603272148	5.0
L.024.M3.NOSAMPLE	17.0	1.35574427355	0.580664702689	3.0
L.025.M3	28.0	2.26357150841	0.764724008319	6.0
L.032.M2	29.0	2.12354203048	0.751484395996	5.0
T.CS.151	55.0	1.99498861185	0.554705361218	12.0
CS.005	29.0	2.10045487051	0.74435718128	5.0
CS.023	44.0	2.31881757009	0.745328112021	8.0
CS.193	23.0	1.78399484654	0.671227444865	4.0
CS.336	32.0	2.38044222044	0.786722550953	6.0
CS.356	39.0	2.56105936563	0.796787917036	8.0
L.033.M2	23.0	1.28052797091	0.468586380616	4.0
T.CS.066	22.0	1.20875687342	0.437173927129	4.0
T.CS.099	35.0	1.99004374318	0.641059702346	7.0
CS.056	30.0	2.54161137436	0.805252652253	7.0
T.CS.063	34.0	2.08383663274	0.709174111127	6.0
CS.002	44.0	2.75115450784	0.832594624409	8.0
CS.127	23.0	1.82683472032	0.690752766853	4.0
T.CS.107	18.0	1.14771883625	0.461347941624	3.0
L.035.M0	45.0	1.70673372893	0.523265295938	9.0
T.CS.103	30.0	1.98346453468	0.666860126404	7.0
T.CS.168	43.0	2.03004361452	0.573888935451	12.0
CS.154	46.0	1.76552207877	0.57989437846	8.0
T.CS.053	28.0	1.71736979128	0.594572620141	5.0
CS.202	35.0	2.04456706711	0.693567604149	6.0
CS.383	33.0	1.79341733338	0.585149222026	6.0
CS.282	51.0	2.9034192105	0.845804404624	9.0
CS.347.0	30.0	2.13697376568	0.750253501469	5.0
T.CS.123	54.0	2.73981236313	0.790464310088	12.0
CS.376	38.0	2.28484596675	0.74751267414	7.0
L.035.M6	16.0	0.715578565045	0.248676915323	3.0
CS.287	43.0	2.78876679116	0.832131817389	9.0
CS.262	53.0	2.82938642925	0.812010648805	11.0
CS.378	31.0	0.742901225691	0.220842740755	6.0
CS.168	29.0	1.84510626039	0.681828567154	5.0
T.CS.152	46.0	1.68940626637	0.497535135821	11.0
CS.007	44.0	2.5279946085	0.786196474356	8.0
CS.341	23.0	1.92373475038	0.722101242747	4.0
CS.076	66.0	2.96323126857	0.852442341345	13.0
CS.080	36.0	2.4292106487	0.778398581263	7.0
CS.366	29.0	1.9287067345	0.666832307221	5.0
CS.381	25.0	1.88437886331	0.683072727273	5.0
CS.365	23.0	2.10878941253	0.733915366472	5.0
T.CS.039	24.0	2.04546976121	0.734578141275	5.0
T.CS.169	28.0	2.0645410626	0.73023053646	5.0
L.034.M2	23.0	1.84978634964	0.693088847117	4.0
CS.012	18.0	0.78493147908	0.277504	3.0
CS.020	37.0	2.22761116186	0.742668976944	7.0
CS.022	34.0	2.23113381586	0.757877236984	6.0
CS.024	28.0	2.13688162099	0.755374549679	5.0
CS.083	24.0	1.54734945146	0.593836798249	5.0
CS.085	42.0	2.34991801573	0.72633856778	8.0
CS.089	40.0	2.46629139678	0.780866559767	9.0
CS.094	34.0	2.01603018835	0.688232484217	6.0
CS.097	24.0	1.23292406581	0.428710246244	5.0
CS.105	34.0	2.18068438871	0.746456231116	6.0
CS.106	30.0	1.67345242646	0.628979975272	5.0
CS.110	43.0	2.4635513713	0.742951892152	10.0
CS.139	18.0	1.23704383879	0.498890251353	3.0
CS.141	28.0	2.00807641222	0.671629899273	6.0
CS.142	43.0	2.56085501429	0.79665063608	8.0
CS.175	18.0	1.32612577916	0.543613735692	3.0
CS.198	36.0	2.32889090798	0.765444226855	7.0
CS.245	18.0	1.16925113778	0.475750151964	3.0
CS.246	29.0	1.75502619643	0.582849475389	6.0
CS.281	23.0	1.16616247772	0.447105102118	4.0
CS.314	24.0	1.32916442501	0.484824672813	5.0
CS.317	29.0	1.92712972339	0.668405922847	5.0
CS.357	35.0	2.32204178115	0.763786884311	6.0
L.002.M1	40.0	2.19657939754	0.707930652478	8.0
L.002.M2	41.0	2.26572314197	0.704816776622	10.0
L.003.M0	32.0	1.7912246516	0.652395944604	6.0
L.003.M1	31.0	2.0976918818	0.694582245329	6.0
L.003.M4	35.0	2.06027680492	0.656268408163	8.0
L.003.M6	47.0	2.687483061	0.815734982384	9.0
L.005.M5	29.0	2.18237106655	0.740834889666	6.0
L.005.M6	40.0	2.381021379	0.770394993629	7.0
L.011.M1	24.0	1.58057199426	0.547716299578	5.0
L.012.M3	24.0	1.64364814709	0.612021546558	4.0
L.012.M4	19.0	1.33452356977	0.537747195777	4.0
L.022.M4	34.0	1.91192636086	0.690156582943	6.0
L.024.M2	23.0	1.43211792388	0.575587287462	4.0
L.024.M6	28.0	1.96751712584	0.687224379833	5.0
L.031.M3	52.0	2.63859091102	0.784409648904	10.0
L.032.M1	29.0	1.95827482154	0.702317389127	5.0
L.033.M1	35.0	2.31837002704	0.767486390829	8.0
L.034.M1	19.0	1.36516631127	0.494671998659	4.0
L.034.M3	36.0	2.35899159434	0.776350735505	7.0
L.035.M1	42.0	2.59228023007	0.75744807727	10.0
L.036.M2	29.0	1.83421408568	0.635295266316	5.0
L.036.M3	37.0	2.46031872107	0.792839029311	8.0
T.CS.094	40.0	2.23771940937	0.703390949591	8.0
T.CS.098	60.0	2.47047110098	0.690588574283	14.0
T.CS.101	24.0	1.60017880621	0.522905675876	6.0
T.CS.102	24.0	1.70042201163	0.564157114912	6.0
T.CS.104	28.0	1.62468851053	0.589583609894	6.0
T.CS.114	52.0	2.64892002852	0.76977390069	13.0
T.CS.115	41.0	2.49835687521	0.774203174569	8.0
T.CS.120	44.0	2.36247182816	0.712175928543	11.0
T.CS.121	44.0	2.56965788825	0.715509280217	12.0
T.CS.125	33.0	1.69937295298	0.519510542307	8.0
T.CS.131	55.0	2.22540555496	0.631745972871	12.0
T.CS.132	54.0	1.90417135827	0.542926782313	11.0
T.CS.137	42.0	1.88400981189	0.618905642464	10.0
T.CS.141	28.0	1.68539785604	0.551010722349	6.0
T.CS.142	30.0	1.83576789133	0.566513117495	8.0
T.CS.144	29.0	1.37393703891	0.470070451365	6.0
T.CS.147	24.0	0.988925677618	0.294291873128	6.0
T.CS.149	53.0	2.20810139162	0.722896377355	11.0
T.CS.150	27.0	1.72948265125	0.652888749392	5.0
T.CS.155	38.0	2.18442783018	0.732794353018	7.0
T.CS.156	50.0	1.91621615116	0.584885999908	9.0
T.CS.158	47.0	2.36071197902	0.651864068281	13.0
T.CS.166	40.0	1.71289621705	0.595147532638	7.0
T.CS.179	49.0	2.28878627758	0.729409697423	9.0
TFS.005	50.0	1.93880433614	0.585208075266	11.0
TFS.006	47.0	2.0169608907	0.675742908701	9.0
CS.031	17.0	1.21875814039	0.492579868783	3.0
CS.102	32.0	1.97008367299	0.69504432434	6.0
L.001.M1	40.0	2.09722187052	0.728620017435	7.0
CS.009	35.0	2.30809043007	0.734174287483	7.0
CS.016	23.0	1.65017033969	0.631805362728	4.0
CS.017	18.0	1.09261011523	0.450380950533	3.0
CS.099	51.0	2.99035228109	0.85319338843	11.0
CS.260	35.0	2.31625655604	0.750599059685	7.0
L.003.M2	31.0	2.17862515423	0.719266697005	7.0
L.031.M5	22.0	1.9291645335	0.657827644807	7.0
T.CS.146	24.0	1.30612855352	0.425017069642	6.0
T.CS.178	41.0	1.97333684046	0.656274949194	11.0
T.CS.135	50.0	2.40923138532	0.71580136925	11.0
T.CS.013	24.0	1.44677256034	0.540204715949	4.0
T.CS.164	35.0	1.43675570605	0.471433644451	6.0
L.008.M6	24.0	2.03888692808	0.719786729858	5.0
L.024.M4.NOSAMPLE	17.0	1.22990911776	0.517533459357	3.0
T.CS.026	24.0	1.70653744839	0.658968350649	4.0
T.CS.027	40.0	2.35392820501	0.775882091895	7.0
T.CS.040	18.0	1.48592278681	0.623750612685	3.0
T.CS.043	18.0	1.24141456437	0.525814346483	3.0
T.CS.105	62.0	2.54276758173	0.764548430668	12.0
T.CS.106	32.0	2.02502863561	0.670725275713	6.0
CS.057	35.0	2.10252815829	0.696256353578	7.0
T.CS.059	26.0	1.68968026575	0.553871815218	6.0
CS.078	43.0	2.52963577052	0.790123823958	9.0
CS.091	40.0	2.32631206603	0.747236402578	8.0
CS.229	23.0	1.53957274717	0.585985047241	4.0
CS.313	23.0	1.87336078126	0.712609874849	4.0
CS.042	23.0	1.83685266279	0.693718698386	4.0
L.012.M5	20.0	1.40554950348	0.515206460656	5.0
L.033.M4	38.0	2.31801610331	0.751335903443	7.0
L.036.M4	30.0	1.74673407555	0.614687345907	6.0
T.CS.070	18.0	1.42645233012	0.592427004888	3.0
T.CS.078	30.0	1.6965543251	0.56368841007	6.0
CS.257	30.0	2.18161032205	0.7439774129	6.0
L.004.M3	39.0	2.27412318831	0.72376021092	8.0
L.006.M2	30.0	2.10489403865	0.727797866805	6.0
L.007.M5	46.0	2.03718121279	0.708273656318	8.0
TFS.027	18.0	1.05498414761	0.403245149912	3.0
CS.208	24.0	1.88305694283	0.710771952275	4.0
CS.112	60.0	2.85430013861	0.810288773229	11.0
L.031.M1	44.0	2.52256559367	0.775610837812	9.0
CS.025	33.0	2.11940294314	0.739683413664	6.0
CS.267	74.0	3.047642332	0.828392828562	17.0
T.CS.100	41.0	2.43957961847	0.726609737383	10.0
T.CS.160	46.0	2.05917287849	0.644424755451	9.0
T.CS.060	25.0	2.0135464229	0.717376485535	5.0
CS.254	56.0	3.1243291066	0.865477451375	11.0
CS.074	44.0	2.54448422858	0.798831440485	8.0
CS.084	27.0	1.79545456422	0.621917796842	5.0
CS.087	30.0	1.94457063754	0.682793209877	6.0
CS.093	32.0	1.81882413531	0.662686024159	6.0
CS.109	41.0	2.83568795574	0.836107409648	9.0
CS.140	25.0	2.0142012748	0.706998118785	5.0
CS.244	29.0	1.85385912352	0.673452933982	6.0
L.022.M1	28.0	1.89081816716	0.679934375	6.0
L.032.M3	24.0	1.59330255744	0.618121190602	4.0
L.032.M5	28.0	2.00873409791	0.734176891168	5.0
L.033.M3	36.0	2.13175308184	0.726290378918	6.0
L.033.M5	35.0	2.20898273775	0.76180227203	6.0
L.034.M5	34.0	2.35992523762	0.784748763878	6.0
T.CS.088	27.0	2.01338803449	0.696053727613	5.0
CS.259	42.0	2.76996254121	0.841169213569	8.0
CS.295	31.0	2.20838009261	0.722782088658	7.0
CS.296	31.0	2.04140675594	0.671656829636	7.0
L.002.M5	43.0	2.47172820899	0.78748267942	8.0
L.002.M6.0	37.0	2.48821373289	0.792143958714	7.0
L.022.M5	27.0	2.08109153664	0.748919765303	5.0
T.CS.020	31.0	2.24288288759	0.740190733858	6.0
T.CS.081	35.0	2.25889185909	0.722998203706	7.0
TFS.020	27.0	1.95634296275	0.694452285767	5.0
CS.010	37.0	2.50750262661	0.80617764327	7.0
CS.021	26.0	1.68095846494	0.642687836135	5.0
CS.118	76.0	3.39219150883	0.882111340882	17.0
CS.346	18.0	1.21514081664	0.488147154768	3.0
L.022.M6	18.0	1.04489403177	0.456494703486	3.0
L.024.M1	29.0	2.15281556188	0.754035029951	5.0
L.024.M5	29.0	1.27193817938	0.470863543252	5.0
L.031.M0	23.0	1.63924694218	0.565442603666	5.0
L.034.M4	22.0	1.9748607285	0.741883211396	4.0
T.CS.023	23.0	1.56324827262	0.55361534502	5.0
T.CS.095	34.0	2.11367019609	0.677972768703	7.0
T.CS.161	50.0	1.69941095323	0.600800531444	9.0
TFS.029	23.0	1.7925658873	0.679133207851	4.0
CS.070	42.0	2.53694034766	0.788423775698	8.0
CS.051	35.0	2.51985852111	0.791196695255	8.0
CS.062	34.0	2.63990607418	0.824885500282	7.0
CS.130	33.0	2.20155421809	0.747260051243	6.0
L.025.M1	27.0	2.07147515009	0.726077987756	5.0
CS.294	29.0	2.09035931803	0.743070836874	5.0
CS.136	30.0	2.02500259593	0.72163160655	5.0
CS.151	22.0	1.89619902695	0.712451523546	4.0
CS.373	18.0	1.35442801611	0.575493561985	3.0
CS.387	28.0	1.82229822659	0.661417205906	5.0
CS.194	32.0	2.26079798204	0.764920139976	6.0
CS.339	30.0	2.15578718731	0.763359619442	5.0
CS.342	30.0	2.15578718731	0.763359619442	5.0
CS.205	35.0	1.82856538211	0.63894978696	6.0
CS.219	32.0	2.61299372386	0.815435366164	7.0
L.034.M6	23.0	1.9162301689	0.718011045722	4.0
T.CS.050	28.0	2.04241430557	0.719851901904	5.0
T.CS.051	18.0	1.37365862863	0.56145472895	3.0
T.CS.080	27.0	2.1449649723	0.745732080517	5.0
T.CS.064	18.0	1.32709933176	0.567880263481	3.0
CS.132	12.0	0.113808788088	0.0300161212959	2.0
CS.038	16.0	1.43967734936	0.597248	3.0
CS.064	24.0	1.82620840243	0.691422168918	4.0
T.CS.090	24.0	1.41632721244	0.534841781595	4.0
CS.251	29.0	1.41466060716	0.505870343866	5.0
L.006.M5	22.0	1.60117152844	0.595759410394	4.0
T.CS.003	18.0	1.07369231815	0.423550751304	3.0
T.CS.045	24.0	1.67918283952	0.64928664506	4.0
CS.088	18.0	1.2189104993	0.496979166667	3.0
CS.092	39.0	2.45316203993	0.78434099048	7.0
L.006.M4	22.0	1.65482999034	0.628657375346	4.0
T.CS.028	28.0	1.66917516938	0.582505390129	5.0
T.CS.038	18.0	1.29611237679	0.553547850751	3.0
T.CS.058	30.0	1.02201178255	0.300760952763	6.0
T.CS.076	22.0	1.52632420989	0.555959429215	4.0
T.CS.117	38.0	2.14204353943	0.732571887513	7.0
CS.241	23.0	1.44465475943	0.573402258399	4.0
CS.333	34.0	2.17368331589	0.715964366687	6.0
T.CS.129	28.0	1.13372137253	0.397976274466	5.0
T.CS.165	31.0	1.9474176968	0.636781684308	6.0
T.CS.067	23.0	1.67876977209	0.649320233537	4.0
T.CS.112	33.0	1.17993050896	0.37437457707	6.0
CS.358	36.0	2.68188570802	0.834834732703	7.0
CS.148	60.0	3.0559307193	0.855857181919	12.0
CS.248	24.0	1.78210671787	0.684826882812	5.0
T.CS.097	29.0	2.01449192061	0.706468938528	6.0
CS.027	31.0	1.91700821372	0.677261920508	6.0
CS.312	52.0	2.80472176032	0.806794343899	12.0
T.CS.084	28.0	1.94097277074	0.704621977349	5.0
CS.361	45.0	2.46072297382	0.713235260245	10.0
CS.104	25.0	1.85603311516	0.669093440225	5.0
CS.318	19.0	1.90789111255	0.695988820454	5.0
CS.001	27.0	1.8945801267	0.685341796875	5.0
T.CS.056	16.0	1.38103834706	0.588316444444	3.0
CS.015	26.0	2.16288297	0.75738503543	5.0
CS.035	18.0	0.832179596488	0.264969139796	5.0
CS.143	23.0	1.84243713999	0.671078367941	5.0
CS.174	19.0	1.52471317534	0.591549295775	4.0
CS.197	19.0	1.52471317534	0.591549295775	4.0
CS.200	23.0	1.48934799017	0.511891137247	5.0
CS.239	17.0	1.47614851732	0.552085224102	4.0
CS.240	26.0	2.37626089466	0.782254515424	7.0
CS.354	17.0	1.62098716802	0.617304804264	4.0
CS.371	18.0	1.95039619174	0.685271183346	5.0
CS.371.0	18.0	1.95039619174	0.685271183346	5.0
CS.371.1	18.0	1.95039619174	0.685271183346	5.0
L.006.M6	27.0	1.7654594319	0.636430256596	5.0
L.025.M2	16.0	1.262551981	0.513561016243	3.0
T.CS.002	17.0	1.23339797893	0.519674786901	3.0
T.CS.008	21.0	1.41237893532	0.516320602474	4.0
T.CS.012	17.0	1.22880121713	0.510130885725	3.0
T.CS.024	12.0	0.970504017555	0.479694660903	2.0
T.CS.030	6.0	-0.0	0.0	1.0
T.CS.036	13.0	1.19648792033	0.473659375	3.0
T.CS.057	22.0	1.92283308937	0.675969588207	5.0
T.CS.062	17.0	1.31878727473	0.561527051038	3.0
T.CS.069	17.0	1.61466460784	0.591638871615	4.0
T.CS.071	16.0	1.26483212538	0.515817380671	3.0
T.CS.073	20.0	1.50735684785	0.584957769365	4.0
T.CS.085	16.0	1.12627675415	0.489651548514	3.0
TFS.026	13.0	1.24013698802	0.494268899955	3.0
CS.190	7.0	0.892866761846	0.427598089122	2.0
CS.216	18.0	1.62275214064	0.667216160214	4.0
CS.107	17.0	1.58988500254	0.628124488234	4.0
CS.108	17.0	1.58988500254	0.628124488234	4.0
L.004.M6	6.0	-0.0	0.0	1.0
T.CS.167	12.0	0.741806591882	0.331996552715	2.0
