Main.food.description	X261	X262	X1571	X1572	X3241	X3242	X16971	X16972	X23381	X30341	X30671	X30672	X30791	X30792	X32061	X32062	X32831	X32981	X33191	X33192	X33982	X34491	X51271	X51272	X51722	X52131	X52471	X52472	X53002	X53821	X53822	X53861	X53862	X54551	X54552	X54631	X58961	X58962	X59471	X59472	X60461	X60462	X60511	X60512	X65442	X66761	X66762	X92291	X92292	X93962	X94531	X94532	X95501	X95502	X95672	FoodCode	ModCode	Old.Main.food.description	FoodID
AllBran	NA	NA	NA	NA	NA	NA	NA	NA	NA	NA	NA	NA	NA	NA	NA	NA	NA	NA	NA	NA	NA	NA	NA	NA	NA	NA	NA	NA	NA	NA	NA	NA	NA	NA	NA	NA	NA	NA	NA	NA	NA	NA	NA	NA	NA	NA	NA	NA	NA	NA	NA	NA	NA	NA	NA	57101000	0	AllBran	57101000.0
AlmondMilk	0	0	0	0	0	0	0	0	0	0	0	0	0	0	0	0	0	0	0	0	0	0	0	0	0	0	0	0	0	0	0	0	0	0	0	0	2.625	0	0	0	0	0	2.333333	3.5	0	0	1.75	0	0	0	0	0	0	0	0	11350000	0	AlmondMilk	11350000.0
Apples	3	5.5	3	0	5.5	3	0	1	0	7	1	3	0.5	0.5	1	3	0.5	7	3	1	3	3	1	1	0	1	3	0.5	7	3	0.5	1	0	5.5	1	18	1	1	3	3	3	7	1	1	3	7	3	1	0.5	0.5	0	0	3	7	3	63101000	0	Apples	63101000.0
Avocado	1	1	0.5	0	1	0	0	0	0	0	0.5	0	0.5	0	1	0	1	0	0	0.5	0	0	0	0	0.5	0	0	0	0	0	3	0	0	0	0	5.5	0.5	0	0	0	0	0	0.5	0	5.5	0	3	0.5	0.5	3	0	0	0.5	0	0	63105010	0	Avocado	63105010.0
BakedBeans	1	0.5	1	1	0.5	0	1	1	0	0.5	0.5	0.5	3	0.5	1	0.5	0.5	3	0.5	1	1	0.5	1	3	0	1	3	0.5	1	0	0.5	1	0	3	0.5	0	1	1	0.5	1	1	1	0	0.5	1	0.5	0.5	0.5	1	1	0	0.5	1	0	3	41201010	0	BakedBeans	41201010.0
Bananas	3	0.5	7	3	0.5	18	0	1	7	7	7	0.5	5.5	3	0.5	3	0	3	3	0	5.5	7	7	3	0	0.5	0.5	0	7	7	3	3	0	5.5	0	3	5.5	3	0.5	3	0	0	3	3	1	3	3	1	1	3	0	0	3	7	3	63107010	0	Bananas	63107010.0
Beansprouts	0	0	0.5	0.5	0.5	0	0.5	0	0	0	0	0	0.5	0	0.5	0	0	0	0	0	0.5	0	0	0	0	0	0.5	0	0	0	0	0	0	7	0	0	0	0.5	0	0	0	0	0.5	0	0	0	0.5	0.5	0	0	0	0	0.5	0	0	75101000	0	Beansprouts	75101000.0
Beer	1	0	0	0	3	3	0	0	3	0	0	0	0	0	0.5	0.5	0	0	0	0	0	0	0	0	0	1	0	0	0	0	0	0	0	0	0	0	0	0	0	0	0	0	0	0	18	0	0	0	0	0.5	0	0	0.5	0	0	93101000	0	Beer	93101000.0
Beetroot	0.5	3	0	0	1	0.5	0.5	0.5	0.5	1	1	0.5	1	0.5	3	0	0.5	0.5	0.5	1	0	0	3	3	0	0	0	3	0	0	0	3	7	1	0	7	0.5	0	1	1	0	0.5	1	0.5	0	1	0.5	0.5	0.5	1	1	0	3	0	1	75102500	0	Beetroot	75102500.0
Biscuitschoc	0.5	0	7	3	0	0.5	0.5	0.5	32	1	7	0	5.5	3	1	0	7	0.5	1	3	1	0	3	1	0.5	0.5	0.5	1	3	0	1	0.5	0.5	0.5	0	0	0.5	5.5	0.5	1	1	3	0.5	0.5	0.5	0	0	1	0	0.5	7	1	0.5	0	3	53207000	0	Biscuitschoc	53207000.0
Biscuitsplain	0	1	1	3	0	0	0.5	0.5	32	1	7	3	5.5	3	1	1	0.5	1	0.5	3	1	0	0.5	1	0	0	3	1	3	0	0	0.5	1	0.5	0	0	0.5	3	0	1	3	1	0	0.5	0.5	0	0	1	0	0	7	1	0.5	0	0	53241500	0	Biscuitsplain	53241500.0
BiscuitsRedFat	0	0	0	7	0	0	0	0	0	0.5	0	0	3	0	0	0	0	0	1	0	0	0.5	3	0	0	0.5	0	0	3	0	0	1	1	7	0	0	0	1	0	0.5	0	0	0.5	0	0	0	0	3	0	0	0	0	0.5	0	0	53239010	0	BiscuitsRedFat	53239010.0
BlockMarg	0	0	0	0	0	0	0	0	0	0	0	0	0	0	0	0	0	0	0	0	0	0	3	0	0	0	0	0	0	0	0	0	0	0	0	0	0	0	0	0	0	0	0	0	0	0	0	0	0	0	0	0.5	0	0	0	81102000	0	BlockMarg	81102000.0
Boiledpotato	3	7	1	3	5.5	5.5	5.5	3	3	1	3	7	3	3	3	3	7	0	3	0	3	3	1	3	3	0	3	3	1	3	0	3	3	5.5	1	5.5	1	7	3	1	3	3	5.5	3	7	3	1	0.5	3	3	32	0.5	1	0	7	71103000	0	Boiledpotato	71103000.0
Branflakes	NA	NA	NA	NA	NA	NA	NA	NA	NA	NA	NA	NA	NA	NA	NA	NA	NA	NA	NA	NA	NA	NA	NA	NA	NA	NA	NA	NA	NA	NA	NA	NA	NA	NA	NA	NA	NA	NA	NA	NA	NA	NA	NA	NA	NA	NA	NA	NA	NA	NA	NA	NA	NA	NA	NA	57207000	0	Branflakes	57207000.0
BreakfastCereal	0	0	3	7	0	0	1	0.5	7	0	0.5	0	3	7	3	0	0.5	0	0	0	3	3	3	1	0	3	3	3	0	0	0	1	0	0.5	3	0	0	0.5	0	0	5.5	5.5	0	0	0	0	0	3	0	0	0	1	7	7	0	57134000	0	BreakfastCereal	57134000.0
Broccoli	3	3	3	3	5.5	3	3	0	3	3	3	7	0.5	0.5	3	3	3	7	1	1	3	1	1	1	1	1	3	3	3	3	3	3	0	3	0.5	3	0.5	3	1	3	7	3	5.5	1	5.5	3	3	0.5	1	3	0.5	0	1	0	5.5	72201100	0	Broccoli	72201100.0
BrownBread	0	0	0	7	0	0.5	3	0.5	7	0	7	1	0	32	1	0	0.5	3	3	3	1	3	0.5	1	0	0.5	3	0.5	3	0	3	0	1	0	1	0	0	0	5.5	0	3	0.5	0.5	0.5	3	3	0.5	0.5	1	1	0	0	0.5	0	1	51201010	0	BrownBread	51201010.0
BrownRice	0	0	0.5	0	1	3	0	0	0	0.5	0.5	0	0.5	0	0	0	0	0	0.5	3	0	0.5	0	0	0.5	0	0	0	0	0	0	1	0.5	0	0	0	1	0	0	0.5	0	1	1	3	3	0.5	3	0	0	0	0	0	1	0	0	56205018	0	BrownRice	56205018.0
BrusselsSprouts	1	3	1	0.5	3	3	0.5	0	1	3	0.5	3	3	0.5	1	0.5	0	0.5	0	0	0	1	0	1	0.5	0.5	0.5	0	0.5	0	0.5	0	0	0.5	0.5	0.5	0	0	0.5	0	3	0.5	3	0	3	1	1	0.5	0	0.5	1	0	0.5	0	5.5	75209000	0	BrusselsSprouts	75209000.0
Bunshome	0.5	0	3	0	0.5	0	1	0.5	0	0.5	1	0	0	0	0	0	0	0.5	0.5	1	0	0	0.5	1	0	0	0	0.5	0	1	1	0	0	0.5	0	0.5	0	0	0	1	0.5	0	3	0	0	0	0	0.5	0	0.5	0	0	0.5	0	0	53520000	0	Bunshome	53520000.0
Bunsready	0.5	0	0	3	0	0	1	0	3	0.5	0	0.5	0	0.5	0.5	0	1	0.5	0.5	0.5	0.5	0	0	0.5	0	0	1	0	0	0	0	0.5	0	0.5	0	0	0.5	0.5	0.5	0.5	0.5	0.5	0	0	0	0	0	0.5	0	0.5	0	0.5	1	0.5	0	53520000	0	Bunsready	53520000.0
Butter	0	0	0.5	1	3	3	5.5	18	7	0	0.5	0	0	18	0.5	3	3	0	0.5	0	0.5	0	5.5	1	3	3	1	3	0	18	0	0	0	7	0	0.5	1	5.5	1	0.5	3	0.5	0	7	3	5.5	0	0.5	3	0.5	0	3	3	0	18	81100500	0	Butter	81100500.0
Cabbage	0.5	0.5	0.5	0.5	3	3	1	0	1	3	0.5	1	3	1	1	0.5	0.5	0.5	0.5	1	1	0	0	1	3	0.5	0.5	1	0.5	0.5	0.5	0	0	1	0.5	1	0.5	0.5	0.5	0.5	1	1	1	0.5	1	0.5	1	0.5	0.5	0.5	1	0	0.5	0	5.5	75103000	0	Cabbage	75103000.0
Cakeshome	0	7	0.5	0	1	0	1	0.5	0	0.5	7	0.5	0	0.5	0	0	0	1	1	3	0	0	0.5	0	0	0	5.5	3	0.5	1	3	0	0	0.5	0	0	0.5	0	0.5	1	0.5	3	0	0.5	0	0	0	0.5	0	0.5	0	3	0.5	0	0	53100100	0	Cakeshome	53100100.0
Cakesready	0.5	0	0.5	0.5	0	0	1	0	1	0.5	3	0	0.5	0.5	0	0	0	0.5	1	1	0	0	0.5	0.5	0	0.5	0	0	0.5	0	0	1	0	0.5	0	0	0	0	0	1	0.5	0.5	0	0	0	0	0	0.5	0	0.5	1	3	1	0.5	1	53100100	0	Cakesready	53100100.0
Carrots	0.5	3	3	3	7	3	3	0	3	3	3	7	0	0	3	1	3	3	3	3	1	1	3	3	0.5	1	3	7	3	7	5.5	3	0.5	3	0.5	7	3	3	3	0	7	3	5.5	1	5.5	3	3	1	1	3	3	5.5	1	0.5	5.5	73101010	0	Carrots	73101010.0
Cauliflower	0.5	1	1	1	3	0.5	3	0	1	3	0	1	1	0.5	0.5	0.5	1	0.5	1	1	1	0	1	1	0.5	0.5	0.5	0	0.5	3	1	3	0	1	0.5	0.5	0	3	0	0.5	0	3	1	0.5	5.5	3	1	1	0.5	1	1	0	0.5	0	1	75107000	0	Cauliflower	75107000.0
CerealBars	0	0	3	3	0	0.5	0	0.5	0	1	0.5	0	3	0	0	0	0	0	0	7	0	0	0.5	0	3	0.5	0	0	0	0	3	0	5.5	0	0	0	0.5	1	0	1	0	0	0	0	0	0.5	0.5	3	0	0	0	0	0.5	0	0	53712100	0	CerealBars	53712100.0
ChannelIslandMilk	0	0	0	0	0	0	0	0	0	0	0	0	0	0	0	0	0	0	0	0	0	0	0	0	0	0	0	0	0	0	0	0	0	0	0	0	0	0	0	0	0	0	0	0	0	0	0	0	0	0	0	0	0	0	0	12110100	0	ChannelIslandMilk	12110100.0
Cheerios	NA	NA	NA	NA	NA	NA	NA	NA	NA	NA	NA	NA	NA	NA	NA	NA	NA	NA	NA	NA	NA	NA	NA	NA	NA	NA	NA	NA	NA	NA	NA	NA	NA	NA	NA	NA	NA	NA	NA	NA	NA	NA	NA	NA	NA	NA	NA	NA	NA	NA	NA	NA	NA	NA	NA	57123000	0	Cheerios	57123000.0
Chips	NA	NA	NA	NA	NA	NA	NA	NA	NA	NA	NA	NA	NA	NA	NA	NA	NA	NA	NA	NA	NA	NA	NA	NA	NA	NA	NA	NA	NA	NA	NA	NA	NA	NA	NA	NA	NA	NA	NA	NA	NA	NA	NA	NA	NA	NA	NA	NA	NA	NA	NA	NA	NA	NA	NA	71401000	0	Chips	71401000.0
ChipsRoastPots	1	0	1	1	0.5	1	3	1	1	1	1	0.5	3	3	1	0.5	1	0	0.5	0	3	1	0.5	1	0.5	0.5	3	1	1	1	3	1	1	3	0.5	0	0.5	3	0	0	1	3	3	1	1	0	0	0	1	3	1	0.5	1	0.5	3	71104000	0	ChipsRoastPots	71104000.0
Chocolatebar	0	0	0.5	1	0	0	0.5	0	3	1	1	0	1	0.5	0.5	0	0	0	0	0.5	0	0	0	0.5	0	0	5.5	0	0.5	0	0	0.5	0	0.5	0	0	0	3	0	0	0.5	0	0.5	0.5	0	0	0	0.5	0	1	0	0.5	1	3	0	91726410	0	Chocolatebar	91726410.0
Chocolates	NA	NA	NA	NA	NA	NA	NA	NA	NA	NA	NA	NA	NA	NA	NA	NA	NA	NA	NA	NA	NA	NA	NA	NA	NA	NA	NA	NA	NA	NA	NA	NA	NA	NA	NA	NA	NA	NA	NA	NA	NA	NA	NA	NA	NA	NA	NA	NA	NA	NA	NA	NA	NA	NA	NA	91705010	0	Chocolates	91705010.0
ChocsDark	18	5.5	0.5	0.5	3	0.5	0	0	0.5	1	3	0	0	3	0	0	0	0	0	3	1	0.5	0	1	7	3	0	0	1	7	0	3	1	0.5	0	0.5	5.5	0	0.5	1	0.5	0	0	0.5	0	0.5	0.5	1	0.5	0.5	0	0	0.5	0	0	91705300	0	ChocsDark	91705300.0
ChocsMilk	0	0	0	0.5	0	0	3	3	7	1	3	0	0	0	0.5	0	0	0	0.5	0.5	0	0.5	0	0	0.5	0	0	0	1	0	0	3	0	0.5	0	0	18	3	0.5	1	0.5	0.5	5.5	0.5	0.5	0	0	1	0	0.5	0	0	1	3	1	91705010	0	ChocsMilk	91705010.0
CholLowerSpread	0	0	0	0	0	0	0.5	0	0	0	7	0	0	0	0	0	0	0	32	0	0	18	0	0	18	0	0	0	0	0	0	0	0	0	0	0	0	0	5.5	0	0	0	0.5	0	0	0	1	0	0	0	0	0	0	0	0	81105500	0	CholLowerSpread	81105500.0
Cocoa	0	0	0	0.5	0	0	0	3	0	0	1	0	0	0	0	0	0	0	0	0	0	0	0.5	0	0	0.5	0	0	0	1	0	0	0.5	0	0	0	0	7	0	0	1	0	0	0.5	0	0	0	0.5	0	0	0	0	1	0.5	0	11512000	0	Cocoa	11512000.0
CoconutMilk	0	0	0	0	0	0	0	0	0	0	0	0	0	0	0	0	0	0	0	0	0	0	0	0	0	0	0	0	0	0	0	0	0	0	0	0	0	0	0	0	0	0	0	0	0	0	0	0	0	0	0	0	0	0	0	42401010	0	CoconutMilk	42401010.0
CocoPops	NA	NA	NA	NA	NA	NA	NA	NA	NA	NA	NA	NA	NA	NA	NA	NA	NA	NA	NA	NA	NA	NA	NA	NA	NA	NA	NA	NA	NA	NA	NA	NA	NA	NA	NA	NA	NA	NA	NA	NA	NA	NA	NA	NA	NA	NA	NA	NA	NA	NA	NA	NA	NA	NA	NA	57128000	0	CocoPops	57128000.0
Coffee	3	18	0	0	3	18	7	1	18	7	32	0	3	7	0.5	0	7	1	7	3	32	0	32	0	18	0	7	7	18	18	0	0.5	0	0	18	0.5	32	18	5.5	0	18	0	0	18	3	18	32	18	18	18	0	0	1	0	0	92101610	0	Coffee	92101610.0
CoffeeDecaffeinated	7	0	7	0.5	18	0.5	7	0	1	0	0	0	0	0	0	0	0	1	7	0	0	0.5	0	42	7	0	0	0	0	0	0	0	0	0	0	0	0	0	7	3	0	0	0.5	0	0.5	0	3	0	0	0	0	0	1	0	1	92101630	0	CoffeeDecaffeinated	92101630.0
CoffeeWhitener	0	0	0	0	0	1	0	0	1	0	0	0	0	0	0	0	0	0	0	0	0	0	0	0	0	3	0	0	0	0	0	0	0	0	0	0	0	18	0	0	0	0	0	0	0	0	0	0	0	0	0	0	0.5	0	0	12120100	0	CoffeeWhitener	12120100.0
Coleslaw	0	0	3	0	0	0	0	0.5	0	0	0	0.5	0.5	0	0.5	0	0.5	0.5	0	1	0	0	0	0.5	0	3	0	0.5	0.5	0	1	1	0	1	0	0	1	1	0	0.5	0.5	0	0.5	0	5.5	0	0	0.5	0	3	0.5	0	3	0	0	75141000	0	Coleslaw	75141000.0
Cornflakes	NA	NA	NA	NA	NA	NA	NA	NA	NA	NA	NA	NA	NA	NA	NA	NA	NA	NA	NA	NA	NA	NA	NA	NA	NA	NA	NA	NA	NA	NA	NA	NA	NA	NA	NA	NA	NA	NA	NA	NA	NA	NA	NA	NA	NA	NA	NA	NA	NA	NA	NA	NA	NA	NA	NA	57134000	0	Cornflakes	57134000.0
CreamCrackers	1	0	1	1	0.5	0	0.5	1	0	0	7	0.5	0	0.5	0.5	0	1	0	0.5	1	0	0	1	1	0.5	0.5	0	3	0.5	0	0	3	0.5	0.5	0.5	0	5.5	1	0	1	0.5	1	3	0.5	0.5	0.5	3	3	0	0	0.5	3	3	0	0	54202010	0	CreamCrackers	54202010.0
Crispbread	0	0	0	0	18	0	0	1	0	3	0.5	3	0	0.5	0	0.5	3	3	0	0	1	0.5	0	0	0	0.5	0	5.5	5.5	0	0	3	0.5	0.5	0.5	3	0	0.5	0	0.5	0.5	0.5	5.5	0	0.5	1	0.5	0.5	1	0	0	0	3	0	7	54207010	0	Crispbread	54207010.0
Crisps	0	0	0.5	0	0	0.5	1	1	0.5	0	7	0.5	3	3	0.5	0.5	3	1	0	0	1	3	1	0	0	0.5	0.5	0	0.5	0	1	3	0	0	0	0	1	3	0	0	0.5	0	1	0.5	5.5	0	0	1	1	0.5	3	0	0.5	0	0	71201015	0	Crisps	71201015.0
CrunchynutCornflakes	NA	NA	NA	NA	NA	NA	NA	NA	NA	NA	NA	NA	NA	NA	NA	NA	NA	NA	NA	NA	NA	NA	NA	NA	NA	NA	NA	NA	NA	NA	NA	NA	NA	NA	NA	NA	NA	NA	NA	NA	NA	NA	NA	NA	NA	NA	NA	NA	NA	NA	NA	NA	NA	NA	NA	57125900	0	CrunchynutCornflakes	57125900.0
Dairycheese	3	1	0	1	1	1	1	1	1	1	7	0.5	3	3	3	3	1	5.5	0.5	3	3	0.5	3	3	1	1	3	3	1	3	1	1	0.5	7	0.5	5.5	1	3	1	1	0.5	1	0.5	0	1	5.5	3	0.5	3	3	0	0	1	0	0.5	14010000	0	Dairycheese	14010000.0
DairyCottageCheese	0	0	1	3	0.5	0.5	0	0	1	1	0	0	0	0	0.5	0.5	0	0	0	0	3	0	0	0	0	0	0	0	3	0	0	0.5	0	0	0	0	0	0	3	0	0	0	0	0	0.5	0	3	0.5	0.5	0	0	0	0.5	0	0.5	14200100	0	DairyCottageCheese	14200100.0
DairyDesserts	0	0	0.5	3	0	0	0	0	1	0.5	0.5	0	0	0.5	0	0	0	0	0	0	0.5	0	0	0	0	0	0.5	0	0	0	0	0	0	0.5	0	0	0	0	0	0	0	0	0	0	0	0	0	0	0	0.5	0	0	0.5	0.5	0	13250000	0	DairyDesserts	13250000.0
Dairydouble	0	0	0	0	0.5	0.5	0.5	0	0	0.5	0	0	0	0.5	0.5	0	0	0	0	0	0.5	0	0	0	0	0	0	0	0	7	0.5	0	0	0	0	0	0	0	0	0.5	0.5	0	0	0	0	0	0	0.5	0	0.5	0	0	0.5	0.5	0.5	12130200	0	Dairydouble	12130200.0
DairyFFYog	18	0	0	0	1	0.5	0	1	0	0	1	0.5	0	0.5	0	0	0	0	0	0.5	0.5	0	5.5	1	0	0.5	3	3	0	7	7	3	5.5	0	3	0	1	0	0	0	0	0	0	0	1	0.5	0.5	3	0	0.5	1	0	0.5	0	0	11411100	0	DairyFFYog	11411100.0
DairyLFcheese	0	0	1	0	0	0	0	1	0.5	1	0.5	0	0	0	0	0	0	0	3	0	0.5	0.5	0	0	0	0	0	0	3	0	0	1	0	7	0	0	0	0.5	0	1	0	0	0.5	0	0	0.5	3	0	0	0	3	0	0	0	0.5	14104115	0	DairyLFcheese	14104115.0
DairyLFYog	3	7	3	7	3	0.5	0	7	3	7	3	0	0	0.5	3	3	7	7	0.5	3	5.5	0	1	1	18	3	0	3	7	0	7	3	0	0	7	7	3	3	0.5	5.5	3	0	0.5	0	1	5.5	0	3	0.5	1	0	3	0.5	0.5	3	11411200	0	DairyLFYog	11411200.0
Dairysingle	0	0	0	0.5	0.5	0	0	0	0.5	0.5	0.5	0.5	0	0	0	0	0.5	0	0	0	18	0	0	0	0	0	3	0	0	0	1	0	0	0	0	0	0	0	0	0	0.5	0	0	0.5	0	0	0	1	0.5	0	0	0	0.5	0.5	0	12310100	0	Dairysingle	12310100.0
Dietfizzy	0	0	0	0	0	0	0	0	0	0	0	0	5.5	5.5	0	0	0	0.5	7	0	0	3	0	1	3	0	5.5	0	0	0	0	0	0	0	0	0	0	3	0	0	1	0	0	0	3	0	0	0	0	0	0	0	0.5	0	0	92400100	0	Dietfizzy	92400100.0
DriedFruit	7	0.5	3	0	3	5.5	1	0.5	7	1	1	7	3	3	0	0	7	0.5	1	0.5	0	0	3	7	0	7	0	3	0	0	0	1	0.5	0.5	0	3	0.5	0	7	0	3	7	3	0	0	18	3	1	1	0	0.5	0	3	0	0	62101000	0	DriedFruit	62101000.0
DriedLentils	1	0	0.5	0	3	0	0	0	0	0	1	0.5	0	0	5.5	0	1	0.5	0.5	1	3	0	0.5	0	0	0	0	0.5	0	0	1	0.5	0	3	0	3	0.5	0.5	0.5	0	0	0	3	7	0	3	3	0.5	0.5	3	1	0	0.5	0	3	41101000	0	DriedLentils	41101000.0
DriedMilk	0	0	0	0	0	0	0	0	0	0	0	0	0	0	0	0	0	0	0	0	0	0	0	0	0	0	0	0	0	0	0	0	0	0	0	0	0	0	0	0	0	0	0	0	0	0	0	0	0	0	0	0	0	0	0	11120000	0	DriedMilk	11120000.0
Eggs	3	3	0	1	1	0.5	1	1	1	1	1	0.5	3	3	3	3	0.5	1	0	3	5.5	3	3	1	7	1	3	3	3	7	3	3	0	3	0	0.5	3	3	0	0.5	0	1	0.5	1	0.5	0	5.5	1	0.5	3	1	0.5	0.5	0	3	31102000	0	Eggs	31102000.0
EvaporatedMilk	0	0	0	0	0	0	0	0	0	0	0	0	0	0	0	0	0	0	0	0	0	0	0	0	0	0	0	0	0	0	0	0	0	0	0	0	0	0	0	0	0	0	0	0	0	0	0	0	0	0	0	0	0	0	0	11210050	0	EvaporatedMilk	11210050.0
FizzySoftDrinks	0	0	0	0	0	0	0	0	0	0	0	0	0	0	0	0	0	0	0	0	0	0	0.5	0	0	0	0	0	0	0	0	0.5	0	0	0	0	0	0.5	0	0	0.5	0	0	0	0	0	0	0	0	0	0	0	0.5	0	0	92400000	0	FizzySoftDrinks	92400000.0
FloraMilk	0	0	0	0	0	0	0	0	0	0	0	0	0	0	0	0	0	0	5.25	0	0	0	0	0	0	0	0	0	0	0	0	0	0	0	0	0	0	0	0	0	0	0	0	0	0	0	0	0	0	0	0	0	0	0	0	11112120	0	FloraMilk	11112120.0
FrenchDressing	0	3	0	0	1	3	0	0	0	0.5	1	0	0	0.5	0	0	0	0	0	0	0	0.5	1	0.5	0	3	0	0	1	0	0.5	0	0	1	0	7	1	0	0	0	0	0	0.5	0.5	0	0.5	3	3	0.5	3	0	0	0.5	0	0	83104000	0	FrenchDressing	83104000.0
Frosties	0	0	0	0	0	0	1	0	0	0	0	0	0	0	0	0	0	0	0	0	0	0	0	0	0	0	0	0	0	0	0	0	0	0	0	0	0	0	0	0	0	0	0	0	0	0	0	1	0	0	0	0	7	0	0	57348000	0	Frosties	57348000.0
FruitnFibre	NA	NA	NA	NA	NA	NA	NA	NA	NA	NA	NA	NA	NA	NA	NA	NA	NA	NA	NA	NA	NA	NA	NA	NA	NA	NA	NA	NA	NA	NA	NA	NA	NA	NA	NA	NA	NA	NA	NA	NA	NA	NA	NA	NA	NA	NA	NA	NA	NA	NA	NA	NA	NA	NA	NA	57219000	0	FruitnFibre	57219000.0
Fruitpiehome	0.5	0	0.5	0	0.5	0	0.5	0.5	0	0.5	0.5	0.5	0.5	0.5	0	0.5	0.5	0	0.5	0	0	0	0.5	0	0	0	0	3	0.5	1	0.5	0	0	0.5	0	0	0.5	0	0.5	0.5	0.5	1	0	0	0	0.5	0	0	0	0.5	0	0	0.5	0	0	53300100	0	Fruitpiehome	53300100.0
Fruitpiesready	0	0	0	0.5	0	0	0.5	0	1	0	0.5	0	0	0.5	0	0	0	0	0	0.5	0	0.5	0	0	0	0	0	0.5	0	0	0	0	0	0.5	0	0	0	0	0	0	1	0	0	0	0	0	0.5	0	0	0	0	0	0.5	0	0.5	53300100	0	Fruitpiesready	53300100.0
FruitSquash	0	0	0	7	0	1	0	0	0	0	1	0	0	0.5	1	3	0	0	7	3	0	0	0	0.5	0	0	0	0.5	0	0	0.5	0	0	0	0	0	0	18	0	0.5	0	0	0	0	3	0	0	1	0	0	0	0	3	18	0	92511010	0	FruitSquash	92511010.0
FruitTea	18	0	0	0	0	0	0	0	0.5	0	0	0	0	0.5	0	0.5	0	0	0	1	0	0	3	3	3	32	0	0	0	0	0	0	32	0	0	0	18	0	0	5.5	0	0	0.5	0	0	0.5	1	0	0	0	0	0	3	0	0	92306000	0	FruitTea	92306000.0
FullMilk	0	0	0	0	0	0	0	0	0	0	0	0	0	0	0	0	0	0	0	0	0	0	0	0	0	0	0	0	0	0	0	0	0	0	0	0	0	0	0	0	0	0	0	0	0	0	0	0	0	0	0	0	0	0	0	11111000	0	FullMilk	11111000.0
Garlic	1	0.5	0.5	0.5	3	3	0.5	0.5	0	3	3	0.5	0.5	3	0.5	1	0.5	0	1	0.5	5.5	0.5	0.5	1	1	0	3	1	1	0	0	0.5	0	1	0.5	5.5	1	0	0	0	0	1	1	1	5.5	3	5.5	1	3	5.5	0	0.5	0.5	0	0	75111500	0	Garlic	75111500.0
GoatsMilk	0	0	0	0	0	0	0	0	0	0	0	0	0	0	0	0	0	0	0	0	0	0	0	0	0	0	0	0	0	0	0	0	0	0	0	0	0	0	0	0	0	0	0	0	0	0	0	0	0	0	0	0	0	0	0	11116000	0	GoatsMilk	11116000.0
Grapefruit	0	0	0	0	0	0	0	0.5	0	0	0	0	0	0	0	0	7	0	0	0	0	0	0.5	0	0	0	0	0	0	3	0	0	0	0.5	1	0	3	0	0	0	0	0	0.5	0	0	5.5	0	0.5	0	0	0	0	0.5	0	0	61101010	0	Grapefruit	61101010.0
Grapenuts	NA	NA	NA	NA	NA	NA	NA	NA	NA	NA	NA	NA	NA	NA	NA	NA	NA	NA	NA	NA	NA	NA	NA	NA	NA	NA	NA	NA	NA	NA	NA	NA	NA	NA	NA	NA	NA	NA	NA	NA	NA	NA	NA	NA	NA	NA	NA	NA	NA	NA	NA	NA	NA	NA	NA	57230000	0	Grapenuts	57230000.0
Grapes	1	0	7	0	0.5	0.5	0	0.5	7	3	7	7	0	0	1	0.5	0	0.5	0.5	3	1	3	3	7	3	3	5.5	7	3	0	0.5	1	0	5.5	0	0	7	3	1	0.5	0.5	0.5	1	3	5.5	3	3	5.5	0.5	0.5	1	0	3	0.5	0	63123000	0	Grapes	63123000.0
GreenBeans	1	3	3	3	3	3	3	1	1	3	1	1	3	1	5.5	1	1	0.5	3	0.5	1	0.5	1	1	1	0	1	3	5.5	1	1	3	0	0.5	0.5	0.5	3	0.5	1	1	3	3	0.5	0.5	1	0	3	1	3	1	1	0	0.5	0	5.5	75204980	0	GreenBeans	75204980.0
GreenSalad	3	3	3	1	1	3	1	3	0.5	1	3	3	3	1	1	1	3	3	1	5.5	7	3	3	3	7	3	3	3	7	3	3	1	7	0	0	7	7	1	0	0.5	5.5	3	3	0.5	5.5	5.5	5.5	3	3	5.5	3	0.5	1	0.5	1	75113000	0	GreenSalad	75113000.0
GreenTea	18	0	0	0	5.5	0.5	0	0	0	0	1	0	0.5	0.5	0	0	0	0	7	1	0	0	0	0	0	0	0	1	0	0	0	0	0	0	0	0	0	0	0	0	7	7	0.5	0.5	0	0	0.5	0	0	0	0	0	0.5	0	0	92302500	0	GreenTea	92302500.0
HighFibreCereal	0	0	0	3	0	7	0	0	0	0.5	1	0	0.5	7	0	3	0	0	3	0	0	0.5	3	7	0	0	0	1	7	0	0	1	0	0	1	0	7	0	5.5	0	5.5	3	0	0	0	0	0	3	0	0	0	0	0.5	0	0	57101000	0	HighFibreCereal	57101000.0
Horlicks	0	0	0	3	0	0	0	0	0	3	0	0	0	0	0	0	7	0	0	0	0	0	0	0	0	0	0	0	0	0	0	0	0	0	0	0	0	0	0	3	0	0	1	0.5	0	0	0	0	0	0	0	0	0.5	0	0	11520000	0	Horlicks	11520000.0
IceCream	1	1	1	1	0.5	0.5	0.5	1	7	1	1	0	0.5	1	0	0	0	0.5	0	0	0.5	0.5	0.5	3	0	0.5	0	0.5	0.5	1	1	0.5	0	0.5	0	0	0	0.5	0	0.5	0.5	0.5	0	0.5	0	0	0.5	0.5	0	3	0.5	0	0.5	0	0.5	13110000	0	IceCream	13110000.0
Jam	7	3	3	7	0.5	0	0	7	0	7	7	0.5	3	7	3	0.5	7	3	18	3	0	0	3	5.5	1	1	1	3	7	1	1	0.5	0	0	0.5	0.5	0	1	0.5	0.5	1	3	3	7	0	1	0.5	3	0	0	7	7	1	0.5	7	91402000	0	Jam	91402000.0
JustRightType	NA	NA	NA	NA	NA	NA	NA	NA	NA	NA	NA	NA	NA	NA	NA	NA	NA	NA	NA	NA	NA	NA	NA	NA	NA	NA	NA	NA	NA	NA	NA	NA	NA	NA	NA	NA	NA	NA	NA	NA	NA	NA	NA	NA	NA	NA	NA	NA	NA	NA	NA	NA	NA	NA	NA	57221650	0	JustRightType	57221650.0
LactoseFreeMilk	0	0	0	0	0	0	0	0	0	0	0	0	0	0	0	0	0	0	0	0	0	0	0	0	0	0	0	0	0	0	0	0	0	0	0	0	0	0	0	0	0	0	0	0	0	0	0	0	0	0	0	0	0	0	0	11114300	0	LactoseFreeMilk	11114300.0
Lasagne	0	0	0	0	0.5	0.5	0.5	0.5	0	0	1	0.5	0.5	0.5	0.5	0	0.5	0	0	0	0.5	0.5	1	1	0	0	0	0	0.5	0	0.5	0	0	0.5	0	0	0.5	0	0	0	0	0.5	0	0	0	0	0.5	0	0	0.5	0	0.5	0.5	0	0.5	58130011	0	Lasagne	58130011.0
Leeks	0	1	1	3	1	3	0.5	0	0	0.5	0	0	1	0	0.5	0.5	0	0	0	0.5	0	0	0.5	1	0.5	0	0.5	0.5	0.5	3	1	0.5	0	5.5	0	0.5	3	0	1	0.5	0	0.5	1	0.5	0	1	3	1	0.5	3	0	0	0.5	0	0	75112500	0	Leeks	75112500.0
Liqueurs	1	0	0	0	0	0.5	0	0	0	0	0	0	0	0	0	0	0	0	0	0	0	0	0	0	0.5	0	0	0	0	0	0	0	0	0	0	0	0	0	0	0	0	0	0.5	0	0	0	0	0	0	0	0	0	0.5	0	0.5	93201000	0	Liqueurs	93201000.0
Lowcalsaladcream	3	1	0	0	0	0.5	0.5	0	0	0	1	0	3	0	3	1	0	1	1	0	0.5	1	0	5.5	0	3	3	0	0	0	0	3	0	1	0	0	0	0	0	0.5	0	3	0.5	0	0	0	0	0.5	0	0	0.5	0	1	0	0	83200100	0	Lowcalsaladcream	83200100.0
LowFatHotChoc	0	0	0.5	0	0	3	0	0	0	3	0	0	0.5	0	0	0	1	0	0	0	0	0	0.5	0	0	0	0	0	0	0	0	1	0	0	0	0	0	0	0	3	1	0	0	0	0	0	0	0	0	0	0	0	0	0	0	11513150	0	LowFatHotChoc	11513150.0
LowFatSpread	0	0	0	0	0	0	0	0	0	0	0.5	0	0	0	0	3	0	0	0	0	0	0	1	0	0	0	0	0	0	0	0	0	0	0	1	0	0	0	0	0	0	0	0	0	0	0	0	0	0	0	0	0	0	0	0	81104010	0	LowFatSpread	81104010.0
Marmite	0	0.5	7	3	0.5	0	0	0	0	0	0.5	0	1	0	7	1	0	3	0	0	0	0.5	3	5.5	0	0	0.5	0	1	0	0.5	0	0	0.5	0	7	0.5	0	0	0.5	0	0	0.5	0	3	0	0	3	0	0	0	0	0	0	0.5	75236500	0	Marmite	75236500.0
Marrow	0.5	1	0	0	1	3	0.5	0	0	0.5	0	0	3	0.5	5.5	0.5	0	1	0.5	1	0	0	0.5	0	0.5	0	0.5	0.5	0.5	1	1	0.5	0	3	0	3	0	0	0.5	0	0	0.5	1	1	0	5.5	3	1	3	1	0.5	0	0.5	0	0	75233000	0	Marrow	75233000.0
Mayo	0	0	0	0	0.5	0	1	1	0	0	1	0.5	0	0.5	0.5	0	1	0	0	0	1	0	1	0	0	0	0	3	0	0	3	0	0	0.5	0	0	0.5	3	0	0	0	0	0	0	0.5	0	0	0.5	0	3	0	0	1	0	0	83107000	0	Mayo	83107000.0
MeatSoup	0	0	0	1	0	0.5	0.5	0	1	3	0	0.5	0.5	0.5	0	0	0.5	0.5	0	1	1	0	0	1	0	0	0	0	0.5	0	0	0.5	0	0.5	0	0.5	0	0	0	0	0	0	0	0	0	0	0	1	0	0	0	0	0.5	0	1	27311610	0	MeatSoup	27311610.0
Melon	3	0.5	0.5	0.5	0	0	0	0	0	1	1	0	0	0	0	0.5	7	3	0	1	1	0.5	1	1	3	0	0	0.5	0	0	0.5	0.5	0	5.5	0	0	5.5	0.5	0.5	0.5	0.5	1	3	0.5	3	0.5	3	0	1	0	1	0	0.5	0.5	0	63127010	0	Melon	63127010.0
MFBacon	0.5	0.5	0	1	0	0	1	3	0.5	0	1	0	3	3	0.5	0.5	1	1	0.5	0	1	0.5	1	0.5	0	1	1	0.5	1	1	1	1	0.5	3	0.5	0	0.5	1	0.5	0.5	0.5	1	0.5	0.5	1	0	0	1	0.5	0	0	0	0.5	1	0.5	22600200	0	MFBacon	22600200.0
MFBeef	0.5	1	0	3	0.5	3	0.5	1	1	1	1	1	1	1	1	0.5	1	3	0.5	0.5	0	1	1	3	1	1	3	0	1	5.5	1	1	0.5	7	0.5	0.5	3	3	1	1	1	1	1	0.5	3	0	0	0.5	1	0	0	1	1	0	3	21000100	0	MFBeef	21000100.0
MFburgers	0	0	0	0	0	0	0	0	0	0	0	0	0	0.5	0.5	0	0	0	0	0	0	0	0.5	0.5	0	0	0	0	0	0	0	0.5	0	0.5	0	0	0	0	0	0	0	0	0	0	0	0	0	0.5	0	0	0	0	0.5	0	1	27510500	0	MFburgers	27510500.0
MFCornedBeef	0.5	0	0	3	0	0	0	0	0.5	0	0	0	0	1	0	0.5	0.5	0	0	0	0	0	0.5	1	1	0	0	0.5	0	0	0	0.5	0.5	0.5	0	0	0	0.5	0	1	0	0.5	0	0	0.5	0	0	0	0	0	0	0.5	0.5	0	0	21416000	0	MFCornedBeef	21416000.0
MFFishFingers	0	0	0	1	0	0	0.5	0.5	0.5	0.5	0	0	0.5	0.5	0.5	0.5	0	1	1	0.5	0.5	0.5	0.5	0	0	0.5	0	0.5	0	0	0.5	0.5	0	1	0	0	0	0	0.5	0.5	0.5	0.5	1	0.5	0.5	0	0	0	0	0.5	0	0	0.5	0.5	0	26100130	0	MFFishFingers	26100130.0
MFFishroe	0	0	0	0	0	0	0	0	0	0	0	0	0	0	0.5	0	0	0	0	0	0	0	0.5	0.5	0	0	0	0	0	0	0	0	0	0.5	0	0	0	0	0	0.5	0	0	0	0	0	0	0	0.5	0	0	0	0	0	0	0	26209100	0	MFFishroe	26209100.0
MFFriedfish	0	0	0	0.5	0	0.5	0.5	1	3	0.5	1	0	0	0	1	0.5	0	0	0	1	1	0.5	0.5	0.5	0	0	0	0.5	0	0	0.5	0.5	0	1	0	0	0	1	0	0	0.5	0	1	0.5	0.5	0	0	0	0	0.5	0	0.5	1	0	0	26100140	0	MFFriedfish	26100140.0
MFHam	0.5	0	1	3	0	3	3	1	0.5	0	0	0.5	3	1	0	1	1	1	1	0.5	3	0	0.5	1	3	0.5	0.5	0.5	3	3	1	1	0	0.5	0.5	0	1	3	0	1	1	3	0.5	0.5	1	0	0	1	0.5	0	0	0	0.5	1	1	22311000	0	MFHam	22311000.0
MFLamb	0.5	0.5	0	0.5	0.5	0.5	0	0.5	1	0	0.5	0.5	1	0.5	0.5	0.5	1	0	0	0	0	0.5	0.5	0.5	0.5	0	1	0.5	0.5	1	1	0.5	0	0	0.5	0.5	0.5	0	1	0.5	1	1	0.5	0	0	0	0	0.5	0.5	0	0	3	1	0	1	23000100	0	MFLamb	23000100.0
MFLiver	0	0	0	1	0	0	0.5	0.5	0	0	0	0	3	0.5	0	0	0	0	0	0	0.5	0.5	0.5	1	0	0	0	0.5	0	0	0	0	0	0.5	0	0	0.5	0.5	0	0.5	0	0	0	0	0	0	0	0.5	0	0	0	0.5	0.5	0	0.5	25112200	0	MFLiver	25112200.0
MFOilyfish	0.5	3	0	1	3	3	1	0	0.5	1	0.5	0.5	0.5	0.5	1	1	0	0.5	1	1	3	3	0.5	0.5	3	0	0.5	3	1	0.5	3	0	0	0.5	0	1	0.5	1	1	1	1	1	0	0	0.5	0	3	0.5	0.5	3	0	0.5	1	0.5	0.5	26153110	0	MFOilyfish	26153110.0
MFPies	0.5	0	0	0.5	0	0	0.5	0.5	0.5	0	0.5	0	0	0.5	0.5	0	0.5	0	0	0	0	0	0.5	1	0	0.5	0	0.5	0	0	0.5	0.5	0	0	0	0	0	0.5	0	0	1	0	0	0	0.5	0	0	0.5	0	0	0	1	0.5	0	1	27317010	0	MFPies	27317010.0
MFPork	0.5	1	0	0	0	0.5	3	1	0.5	0	0.5	1	1	1	1	0.5	0	0	0	0.5	0	0.5	0.5	0	0.5	0	0.5	0	0.5	0.5	1	1	0	1	0	0.5	0.5	1	0	0.5	0.5	1	1	0	0	0	0	0.5	0.5	0	0	1	1	0	1	22000100	0	MFPork	22000100.0
MFPoultry	3	0.5	3	3	1	3	3	1	1	1	3	3	3	3	3	0.5	1	3	1	5.5	3	3	1	1	1	1	1	3	3	3	1	3	3	1	1	0.5	3	3	1	1	3	1	3	0.5	3	0	0	1	1	0	0	1	3	1	1	24100000	0	MFPoultry	24100000.0
MFSausages	0.5	0	0	0	0	0.5	1	1	0	0	0.5	1	0	1	0.5	0.5	1	0	0.5	0.5	1	0	1	1	0	0	0.5	0.5	1	0	0.5	0.5	0	0.5	1	0	0	1	0.5	0.5	0.5	0.5	0.5	0.5	0.5	0	0	0	0.5	0	0	0.5	0.5	0	0.5	25221400	0	MFSausages	25221400.0
MFShellfish	1	0	0	0	0.5	0.5	0.5	0.5	0	0	1	0	0	0	1	0.5	0.5	0	0	1	1	3	0.5	0.5	1	0	0.5	0	0	0.5	0.5	0	0	0.5	0	0	0	0.5	0	0.5	0.5	0	0	0.5	0.5	0	0	1	0.5	3	0	0	0.5	0	0	26305110	0	MFShellfish	26305110.0
MFWhitefish	1	1	0	0.5	1	1	1	0.5	0.5	1	0.5	0	0.5	0	1	0.5	0.5	0	0.5	1	0.5	0.5	0.5	0.5	3	0.5	3	3	1	0.5	0.5	0	0	0	0	0.5	0.5	0	0	1	1	0	0.5	0.5	0.5	0	0	0.5	0.5	3	0	0	0.5	0.5	1	26109110	0	MFWhitefish	26109110.0
MilkPuddings	0	3	0.5	3	0.5	0	0.5	0	1	0.5	0.5	0.5	0.5	1	0	0.5	0.5	0.5	1	0.5	0.5	0.5	0.5	0.5	0	0	0.5	1	0.5	0.5	1	0.5	0	0.5	0	0.5	0	0	0.5	0	0	1	5.5	0	0	0	0	0	0	0	0	0.5	0.5	0.5	0.5	13210300	0	MilkPuddings	13210300.0
Muesli	0	0	0	0	0.5	7	0	0	0	1	7	0	0	0	0	0	0.5	0	0.5	0.5	0	0	0.5	0	0	0	0	0	0.5	1	7	0	0	0	1	0	0	0	1	0	0	1	7	0	0	7	3	0.5	3	0	0	0	7	0	3	57227000	0	Muesli	57227000.0
Mushrooms	1	0	3	3	1	3	1	1	0.5	0.5	1	1	0.5	0.5	1	0.5	0	0.5	0.5	0.5	1	1	1	3	7	0.5	1	0.5	1	1	1	0	0	0.5	0.5	1	0	3	0	0.5	0.5	1	0.5	0	5.5	5.5	1	3	1	3	0.5	0.5	1	0.5	1	75115000	0	Mushrooms	75115000.0
NaanPoppdmTort	0	0	1	0	0.5	0	0.5	0	0	0	0.5	0	0.5	1	0.5	0	0	0.5	0	0.5	0.5	0	0.5	0	0	0	0	0	0	0	3	0	0.5	1	1	0	0	1	0	0	0	0	0	0	0.5	0	1	0	0.5	0	0	0.5	0.5	0	0	51108100	0	NaanPoppdmTort	51108100.0
Nuts	NA	NA	NA	NA	NA	NA	NA	NA	NA	NA	NA	NA	NA	NA	NA	NA	NA	NA	NA	NA	NA	NA	NA	NA	NA	NA	NA	NA	NA	NA	NA	NA	NA	NA	NA	NA	NA	NA	NA	NA	NA	NA	NA	NA	NA	NA	NA	NA	NA	NA	NA	NA	NA	NA	NA	42110000	0	Nuts	42110000.0
NutsSalted	0	0	0	0	0.5	0.5	0	1	0	0	1	0	0	0.5	0	0.5	1	0	0	0	0	0.5	0	0	0	1	0	0	0.5	0	0	0	0	0	0	0	1	0.5	0	0	0.5	0	3	0	1	0	0	1	1	0.5	0	0	7	0	0	42111100	0	NutsSalted	42111100.0
NutsUnsalted	0	3	0	0	3	7	0.5	0.5	0	0	0.5	0	0	0	3	0.5	0	0	0.5	7	0	0	0	0	0	1	0	1	0.5	7	3	3	0	0	0	0.5	0	0	0	0.5	0.5	0	0.5	0	0.5	3	0.5	1	1	0	0	0	7	0	0	42111110	0	NutsUnsalted	42111110.0
OatBasedCereal	NA	NA	NA	NA	NA	NA	NA	NA	NA	NA	NA	NA	NA	NA	NA	NA	NA	NA	NA	NA	NA	NA	NA	NA	NA	NA	NA	NA	NA	NA	NA	NA	NA	NA	NA	NA	NA	NA	NA	NA	NA	NA	NA	NA	NA	NA	NA	NA	NA	NA	NA	NA	NA	NA	NA	57000100	0	OatBasedCereal	57000100.0
OatMilk	0	0	0	0	1.75	0	0	0	0	0	0	0	0	0	0	0	0	0	0	0	0	0	0	0	0	0	0	0	0	0	0	0	0	0	0	0	0	0	0	0	0	0	2.333333	0	0	0	0	0	0	0	0	0	0	0	0	11340000	0	OatMilk	11340000.0
OliveOilSpread	0	0	7	7	0	1	0	0	0	0	3	0.5	0	0	0	0	0	0	0	0	3	0	1	0	18	0	3	5.5	0	0	5.5	0	0	0	1	0	5.5	0	0	0	0	0	0.5	0	0	0	0	0	0	7	0	0	0.5	0	0	81104510	0	OliveOilSpread	81104510.0
OnePercentMilk	0	0	0	0	0	0	0	0	0	1.75	0	0	0	0	0	0	0	0	0	0	0	0	0	0	0	0	0	0	0	0	0	0	0	0	0	0	0	0	0	0	0	0	0	0	0	0	0	0	0	0	0	0	0	0	0	11114300	0	OnePercentMilk	11114300.0
Onions	0.5	3	1	0	3	3	1	1	1	3	3	3	3	3	3	3	0	5.5	3	3	5.5	3	0.5	1	3	1	3	1	1	3	3	3	0	5.5	0.5	7	3	5.5	0	0.5	0	3	3	1	5.5	3	3	1	3	7	5.5	0.5	1	0	0	75117020	0	Onions	75117020.0
Oranges	0.5	3	0.5	0	5.5	3	0	1	7	3	1	3	0	0	5.5	5.5	0	3	0.5	0	5.5	1	3	3	0	0	5.5	1	0	0	0.5	1	0	3	1	3	7	0	0	3	3	3	7	3	5.5	3	0	3	0.5	0.5	7	0	3	3	3	61119010	0	Oranges	61119010.0
OtherCereal	NA	NA	NA	NA	NA	NA	NA	NA	NA	NA	NA	NA	NA	NA	NA	NA	NA	NA	NA	NA	NA	NA	NA	NA	NA	NA	NA	NA	NA	NA	NA	NA	NA	NA	NA	NA	NA	NA	NA	NA	NA	NA	NA	NA	NA	NA	NA	NA	NA	NA	NA	NA	NA	NA	NA	57000000	0	OtherCereal	57000000.0
Otherdressing	0.5	0	0	0	0	1	0	0	0	0.5	0	0	0	0	0	0.5	0	0	0	0	3	0.5	0	0.5	7	3	0	0	3	0	0.5	0.5	0	1	0	0	1	0	0	0	0	0.5	0	0	0	0.5	5.5	0	0	3	0	0.5	0.5	0	0	83100100	0	Otherdressing	83100100.0
OtherSoftMarg	0	0	0	0	0	0	0	0	0	0	0	18	0	32	0.5	3	18	0	0	0	0	0	0	0	0	0	0	0	0	0	5.5	3	0	0	1	0	0	0	0	0	0	0	0	0	0	0	0	0	0	7	0	0	0	0	0	81102000	0	OtherSoftMarg	81102000.0
Parsnips	0.5	1	1	1	3	1	1	0	0.5	0	0	0.5	1	0.5	0.5	0.5	1	0.5	0.5	0.5	0	0.5	1	1	0	0.5	1	0	0	1	1	0	0	0.5	0.5	0.5	1	0.5	1	1	0.5	1	3	0.5	0.5	3	1	1	1	1	1	0.5	0.5	0	1	75222000	0	Parsnips	75222000.0
Peaches	1	6	0.16666667	0	1	0.16666667	0	0	0.33333333	0.33333333	0.16666667	2.3333333	1	0.16666667	0.16666667	0	2.3333333	0.33333333	0.16666667	1	0	0.16666667	0.16666667	0.33333333	0	0.16666667	0	1	0	0	0	0.16666667	0.16666667	1.8333333	0	0.33333333	0	0.16666667	0.16666667	0.16666667	1	0.33333333	1.8333333	0.33333333	1.8333333	0.33333333	1	0.16666667	1	0.33333333	1.8333333	0.16666667	1	2.3333333	0	63135010	0	Peaches	63135010.0
PeanutButter	0.5	3	0	0	1	0	0.5	0.5	0	0	3	0	0	0	0	0	0.5	3	0	0	0	0	0	0.5	0	0	0.5	0	0	0	0.5	0	0	0	0	0	5.5	0	0	0	0	0	0	0	3	0	0	0	0	0	0	1	1	0	0	42202000	0	PeanutButter	42202000.0
Pears	3	5.5	3	0	1	0.5	0	1	7	0.5	1	0	0	0.5	0.5	1	0	0	0	1	3	0.5	1	0.5	0	0.5	3	0	7	0	0.5	1	0	5.5	1	0.5	0.5	3	0	3	3	7	1	0.5	3	0.5	3	0	0.5	0.5	1	0	3	7	3	63137010	0	Pears	63137010.0
Peas	1	3	3	3	3	0.5	5.5	1	1	3	7	7	3	3	3	1	1	3	3	1	3	3	1	1	1	0	0.5	0	1	1	1	3	1	1	0.5	0	3	3	0	0.5	0.5	1	1	0.5	5.5	0	1	0	1	5.5	5.5	0	1	0	5.5	75120000	0	Peas	75120000.0
PicklesChutney	0.5	0	1	3	0	0.5	0	1	0.5	0	3	0.5	1	3	0.5	0	0	3	1	0.5	1	0.5	0.5	0.5	0	1	0.5	0	3	0	1	1	0.5	0	0	0	0.5	0	0.5	0	0.5	0.5	1	0	0	3	0	0.5	0	0.5	3	0.5	0.5	0	0	63409020	0	PicklesChutney	63409020.0
Pizza	0	0	3	0.5	0	0	0	0.5	1	0	1	0	3	1	0.5	0	0.5	0.5	0	0	0.5	0	1	0.5	0	0	0	0	0.5	0	0.5	0	0	0.5	0	0	0	0	0	0	0	0	0	0	0	0.5	0	0.5	0	0	0	0.5	0.5	0	0	58106200	0	Pizza	58106200.0
Porridge	7	7	0.5	0	7	0	0.5	3	0	5.5	7	7	0.5	7	0.5	0.5	0	7	3	7	0	3	1	0	0	0	3	5.5	3	7	7	1	0	0.5	0.5	7	1	0.5	5.5	0.5	0	0.5	1	5.5	0	0	3	1	0.5	0.5	7	1	7	0.5	7	56202960	0	Porridge	56202960.0
PotatoSalad	0	0	0.5	0	0	0	0.5	0	0	0	0	0	0	0	0	0	0.5	0	0	0	1	0.5	0	0	0	0	0	0	0.5	0	0	0	0	0.5	0	0	0	0.5	0	0	0	0	0	0	0	0	0.5	0	0	0	0	0.5	1	0.5	0	71603010	0	PotatoSalad	71603010.0
PufaMarg	18	0	0	0	0	7	1	0	0	0	0	0	18	0	0.5	3	0	0	3	0	7	0	0	0	0	0	0	0	0	0	0	3	1	0	1	0	0	0	0	0	5.5	0	0.5	0	0.5	0	0	0	0	7	18	0	0	0	0	81103060	0	PufaMarg	81103060.0
PureFruitJuice	0	0	3	7	0	7	7	3	1	0	0.5	0	0	0.5	1	0.5	0	0	1	3	1	0.5	0.5	0.5	0.5	3	0	0.5	0.5	3	0	0	0	0.5	1	0	7	0	3	1	1	7	7	0	3	3	0	1	3	3	0	0	1	0	7	64100110	0	PureFruitJuice	64100110.0
Quiche	0	0	0.5	0	0	0	0	0	0	0	0.5	0	0	0	0	0	0.5	0	0	0	1	0	0.5	0.5	0	0	0	0	0.5	0.5	0	0	0.5	0	0	0	0.5	0	0	0.5	0	0	0	0	0	0.5	0	0.5	0	0.5	0	0	0.5	0	0	58125110	0	Quiche	58125110.0
RedFatButter	0	0	0	0	0	0	0	0	7	0	0	0	0	0	5.5	0	0	7	0	0	0.5	0	0	7	0	0	3	0	3	0	0	3	0	0	1	0	0	0	0	1	0	0	7	7	3	0	0	18	0	0	0	0	0	0	0	81101500	0	RedFatButter	81101500.0
RedWine	1	3	0	0	5.5	5.5	5.5	0	0	3	5.5	0.5	0.5	1	0.5	3	0.5	0	0	0	0	3	1	0	5.5	0	3	0	3	3	3	0	0	0	18	3	0	0	0	0	0	0.5	0.5	0.5	0	0	0.5	1	1	18	0	3	1	0	0.5	93401010	0	RedWine	93401010.0
RiceKrispies	NA	NA	NA	NA	NA	NA	NA	NA	NA	NA	NA	NA	NA	NA	NA	NA	NA	NA	NA	NA	NA	NA	NA	NA	NA	NA	NA	NA	NA	NA	NA	NA	NA	NA	NA	NA	NA	NA	NA	NA	NA	NA	NA	NA	NA	NA	NA	NA	NA	NA	NA	NA	NA	NA	NA	57339000	0	RiceKrispies	57339000.0
RiceMilk	0	0	0	0	0	0	0	0	0	0	0	0	0	0	0	0	0	0	0	0	0	0	0	0	0	0	0	0	0	0	0	0	0	0	0	0	0	0	0	0	0	0	0	0	0	0	0	0	0	0	0	0	0	0	0	11340000	0	RiceMilk	11340000.0
RoastPotatoes	NA	NA	NA	NA	NA	NA	NA	NA	NA	NA	NA	NA	NA	NA	NA	NA	NA	NA	NA	NA	NA	NA	NA	NA	NA	NA	NA	NA	NA	NA	NA	NA	NA	NA	NA	NA	NA	NA	NA	NA	NA	NA	NA	NA	NA	NA	NA	NA	NA	NA	NA	NA	NA	NA	NA	71104000	0	RoastPotatoes	71104000.0
Sauces	18	3	1	1	1	3	1	1	0	1	3	7	3	3	1	3	0	0.5	1	0	1	3	0.5	1	0.5	0.5	3	1	5.5	1	3	3	0	0.5	0	1	1	5.5	1	0	5.5	5.5	0.5	0.5	0.5	0	0.5	0.5	0.5	1	5.5	1	0.5	0	3	14650100	0	Sauces	14650100.0
Seeds	0	0	0	0	7	0	0	0	0	0	0	0	0	0	0	0	0	0	0	1	0	0	0	0	0	0.5	0	1	0	0	0	0	0.5	0	0	0.5	7	0	0	0	0	0	7	0	0.5	3	5.5	0.5	0	0	0	0	3	0	0	43102100	0	Seeds	43102100.0
SemiSkimmedMilk	0	7	3.5	0	0	3.5	1.75	0	3.5	0	3.5	5.25	3.5	3.5	3.5	5.25	0	0	0	1.75	5.25	0	1.75	0	1.75	3.5	3.5	0	0	0	1.75	0	0	1.75	0	3.5	2.625	7	3.5	3.5	3.5	3.5	0	0	1.75	0	0	0	1.75	0	3.5	0	1.75	5.25	5.25	11112110	0	SemiSkimmedMilk	11112110.0
ShreddedWheat	NA	NA	NA	NA	NA	NA	NA	NA	NA	NA	NA	NA	NA	NA	NA	NA	NA	NA	NA	NA	NA	NA	NA	NA	NA	NA	NA	NA	NA	NA	NA	NA	NA	NA	NA	NA	NA	NA	NA	NA	NA	NA	NA	NA	NA	NA	NA	NA	NA	NA	NA	NA	NA	NA	NA	57417000	0	ShreddedWheat	57417000.0
Shreddies	NA	NA	NA	NA	NA	NA	NA	NA	NA	NA	NA	NA	NA	NA	NA	NA	NA	NA	NA	NA	NA	NA	NA	NA	NA	NA	NA	NA	NA	NA	NA	NA	NA	NA	NA	NA	NA	NA	NA	NA	NA	NA	NA	NA	NA	NA	NA	NA	NA	NA	NA	NA	NA	NA	NA	57411000	0	Shreddies	57411000.0
SkimmedMilk	3.5	0	0	1.75	0	0	0	0	0	1.75	0	0	0	0	0	0	3.5	3.5	0	0	0	5.25	0	5.25	0	0	0	0	3.5	0	0	5.25	0	0	0	0	0	0	0	0	0	0	2.333333	0	0	0	0	1.75	0	3.5	0	1.75	0	0	0	11113000	0	SkimmedMilk	11113000.0
Smoothies	0	0	0	0	0	0	0	0	0	0	0	0	0	0	0	0	0	0	0	0.5	0	0	0	0	0	0	0	0	1	0	0	0	0	0	0	0	7	0	0	0	0	0	7	0	0	0	0	0.5	0	1	0	0	0.5	0	0	11553000	0	Smoothies	11553000.0
SoyaMilk	0	0	0	0	0	0	0	0	0	0	0	0	0	0	0	0	0	0	0	0	0	0	0	0	0	0	0	0	0	3.5	0	0	0	0	0	0	0	0	0	0	0	0	0	0	0	5.25	0	0	0	0	0	0	0	0	0	11320000	0	SoyaMilk	11320000.0
SpecialK	NA	NA	NA	NA	NA	NA	NA	NA	NA	NA	NA	NA	NA	NA	NA	NA	NA	NA	NA	NA	NA	NA	NA	NA	NA	NA	NA	NA	NA	NA	NA	NA	NA	NA	NA	NA	NA	NA	NA	NA	NA	NA	NA	NA	NA	NA	NA	NA	NA	NA	NA	NA	NA	NA	NA	57344000	0	SpecialK	57344000.0
Spinach	0	0	0.5	0	1	1	1	0	0.5	3	1	0.5	0.5	0	0.5	0.5	0	0	0	1	5.5	0	0	0	1	0	0.5	0	0	0.5	0.5	0	0	0.5	0.5	1	0.5	0	1	0.5	3	0.5	0.5	0.5	3	3	3	0.5	0.5	3	1	5.5	1	0	0	72125100	0	Spinach	72125100.0
Spirits	0	0	0	0	1	0.5	0	0	0	0	0	1	5.5	5.5	0.5	0	0.5	0	0	0	0	3	0.5	0	0.5	1	5.5	0	0.5	0	0.5	0.5	0	0	0	0	3	0	0	0	0	0	0	1	0.5	0	0	0.5	0	0.5	0	0	1	0	0.5	93505000	0	Spirits	93505000.0
SpongePudhome	0	0	0	0	0	0	0	0	0	0	0	0.5	0	0	0	0	0	0	0.5	0	0	0	0	0	0	0	0	0	0	0	0	0	0	0.5	0	0	0	0	0	0	0	0.5	0	0	0	0	0	0	0	0	0	0	0	0	0	53116020	0	SpongePudhome	53116020.0
SpongePudready	0	0	0	0.5	0	0	0.5	0.5	0	0	1	0	0	0	0	0	0	0	0	0	0	0	0	0	0	0	0.5	0	0	0	0	0	0	0.5	0	0	0	0	0	0	0.5	0	0	0	0	0	0	0	0	0	0.5	0	0.5	0	0	53116020	0	SpongePudready	53116020.0
Start	NA	NA	NA	NA	NA	NA	NA	NA	NA	NA	NA	NA	NA	NA	NA	NA	NA	NA	NA	NA	NA	NA	NA	NA	NA	NA	NA	NA	NA	NA	NA	NA	NA	NA	NA	NA	NA	NA	NA	NA	NA	NA	NA	NA	NA	NA	NA	NA	NA	NA	NA	NA	NA	NA	NA	57144000	0	Start	57144000.0
Strawberries	1.8333333	1.8333333	1	1.8333333	1	2.3333333	0.33333333	0.16666667	2.3333333	0.33333333	2.3333333	1	1	1	1	1	2.3333333	0.33333333	2.3333333	1.8333333	1.8333333	0.16666667	1	2.3333333	2.3333333	0.33333333	0.33333333	2.3333333	0.16666667	0	0.33333333	1	0.33333333	1	0.16666667	0.33333333	1.8333333	0.16666667	0	0.33333333	1	0.33333333	1.8333333	1	1.8333333	6	2.3333333	0.16666667	1.8333333	0.33333333	1	0.16666667	1	0.16666667	0.33333333	63223020	0	Strawberries	63223020.0
SugarAdded	0	0	7	18	0	0	18	0	0	0	7	0	5.5	32	0	0.5	0	0	0.5	0	0	0	0	0	7	0	0	0	0	0	18	0	0	18	1	0	0	42	3	0	0	0	0	0	0	7	0	7	7	18	0	0	18	7	0	91101000	0	SugarAdded	91101000.0
SugarPuffType	NA	NA	NA	NA	NA	NA	NA	NA	NA	NA	NA	NA	NA	NA	NA	NA	NA	NA	NA	NA	NA	NA	NA	NA	NA	NA	NA	NA	NA	NA	NA	NA	NA	NA	NA	NA	NA	NA	NA	NA	NA	NA	NA	NA	NA	NA	NA	NA	NA	NA	NA	NA	NA	NA	NA	57243000	0	SugarPuffType	57243000.0
SultanaBran	NA	NA	NA	NA	NA	NA	NA	NA	NA	NA	NA	NA	NA	NA	NA	NA	NA	NA	NA	NA	NA	NA	NA	NA	NA	NA	NA	NA	NA	NA	NA	NA	NA	NA	NA	NA	NA	NA	NA	NA	NA	NA	NA	NA	NA	NA	NA	NA	NA	NA	NA	NA	NA	NA	NA	57329000	0	SultanaBran	57329000.0
Sweetcorn	0.5	3	0.5	1	1	1	0.5	0.5	0.5	1	0	0.5	0	0	0.5	0	0	3	3	3	3	0.5	3	3	0.5	0	0	0.5	0	1	0	3	0	1	0.5	0	0	3	1	1	0.5	0.5	1	0.5	0.5	0	0	0.5	0	1	3	0.5	1	0	0	75109600	0	Sweetcorn	75109600.0
SweetPeppers	0.5	3	1	0	1	0.5	0.5	3	0	0	0.5	0.5	1	0.5	1	1	3	3	0.5	1	1	0.5	1	1	7	0.5	3	0	0.5	1	0	1	0	0.5	0	7	7	0	0	0	1	3	1	0.5	0	3	3	1	1	5.5	3	0	0.5	0.5	0.5	75122100	0	SweetPeppers	75122100.0
SweetsToffees	1	0.5	0	3	0	0.5	0.5	3	1	0	0.5	0.5	0	7	0	0	0.5	1	0	0	0	0.5	0.5	0	0	0	0	0	0.5	0	5.5	0.5	0	0.5	0	0	0	3	0.5	1	0.5	0	1	0.5	0	0	0	0.5	0	0	0	0.5	0.5	0	0	91760000	0	SweetsToffees	91760000.0
Tea	7	32	7	3	18	18	18	42	18	18	18	32	32	18	32	32	32	42	18	32	0	32	0	0	0	32	18	18	32	18	18	42	0	32	18	32	3	32	18	18	18	42	32	7	7	0	18	18	0.5	0	7	18	18	18	32	92302000	0	Tea	92302000.0
TinnedFruit	0.5	0	0.5	0	0	0	0	0	0.5	0	0	0.5	0	0	0.5	0.5	0	1	0	0	0	0	0	0	0	0.5	0	0	0	0	0	0	0	0	0	0	0	0	0	0	0	0	0	0	0	0	0	0	0	0.5	0	0	0.5	0	0	63311110	0	TinnedFruit	63311110.0
Tofu	0	0	0	1	0	0	0	0	0	0	0	0	0	0	0	0	0	0	0.5	1	0	0	0	0	0	0	0	0	0	0	0	0	0	0	0	0	0.5	0	0	0	0	0	0	0	0	3	3	0	0	0	7	0	0	0	0	41420010	0	Tofu	41420010.0
Tomatoes	3	5.5	3	3	3	7	3	3	0.5	1	3	3	3	3	5.5	3	7	3	3	5.5	5.5	3	3	5.5	0.5	3	5.5	5.5	7	0	3	3	7	0	0	5.5	7	1	1	1	0	1	5.5	0.5	0.5	18	5.5	3	5.5	18	1	0.5	3	0.5	1	74101000	0	Tomatoes	74101000.0
TomatoKetchup	0	0.5	0.5	3	0	0	0	1	0	0	3	0.5	0.5	3	1	0.5	0	1	0	3	3	1	0.5	1	0	0	3	0	0.5	0	0.5	0.5	0	0.5	0.5	0	0	1	0	0	0	0	0	0	0	0	0	1	0.5	3	1	0	0.5	0	0	74401010	0	TomatoKetchup	74401010.0
VegSoup	0	0.5	1	1	3	3	1	0	1	3	1	1	0.5	0	0.5	0.5	0.5	0.5	1	3	1	0	0	1	0	0	1	0.5	1	0.5	0.5	0.5	0	0.5	0	0.5	1	0.5	0.5	0.5	0	0.5	0.5	3	0.5	3	3	1	1	0.5	3	0	0.5	0	1	75649010	0	VegSoup	75649010.0
VLowFatSpread	0	0	0	0	0	0	0	0	0	0	0.5	0	0	0	0	0	0	0	1	0	0	0	0	0	0	0	0	0	0	0	0	3	0	0	1	0	0	0	0	0	5.5	0	0	0	0	0	0.5	0	0	0	0	1	0	0	0	81104100	0	VLowFatSpread	81104100.0
Watercress	0	0	0	0	0.5	0	0	0	0	1	0.5	0	3	0	0	0	0	0	0	3	5.5	0	3	3	0	0	0	1	3	0.5	3	0	0.5	7	0	0.5	0	0.5	0	1	0	0	0.5	0.5	0.5	1	5.5	1	0	1	0	0	0.5	0	0	72130100	0	Watercress	72130100.0
WeetabixType	NA	NA	NA	NA	NA	NA	NA	NA	NA	NA	NA	NA	NA	NA	NA	NA	NA	NA	NA	NA	NA	NA	NA	NA	NA	NA	NA	NA	NA	NA	NA	NA	NA	NA	NA	NA	NA	NA	NA	NA	NA	NA	NA	NA	NA	NA	NA	NA	NA	NA	NA	NA	NA	NA	NA	57410000	0	WeetabixType	57410000.0
WheatFlakes	NA	NA	NA	NA	NA	NA	NA	NA	NA	NA	NA	NA	NA	NA	NA	NA	NA	NA	NA	NA	NA	NA	NA	NA	NA	NA	NA	NA	NA	NA	NA	NA	NA	NA	NA	NA	NA	NA	NA	NA	NA	NA	NA	NA	NA	NA	NA	NA	NA	NA	NA	NA	NA	NA	NA	57417000	0	WheatFlakes	57417000.0
WhiteBread	18	0	0.5	0	0.5	0.5	5.5	18	0.5	0	3	0.5	0	0.5	18	1	7	3	1	0	0	1	0	0.5	0	0	3	0.5	0.5	0	3	0	0.5	7	1	0	0.5	3	0	0	0.5	0	0	7	3	0	0	1	1	3	7	1	0.5	5.5	0	51101000	0	WhiteBread	51101000.0
Whitepasta	0.5	0	0.5	1	0.5	1	1	1	0	0	1	0.5	0.5	1	0.5	0.5	0.5	1	0	3	1	1	1	3	0	0	3	0.5	0.5	1	1	0	0	1	1	1	3	1	1	0	0.5	0.5	1	0.5	0.5	0	0	1	3	3	1	0	3	0.5	0.5	56130000	0	Whitepasta	56130000.0
WhiteRice	0	0	1	1	0.5	0	0.5	0.5	1	0	3	0.5	0	3	1	0.5	0	1	0.5	3	1	1	0	0	0	0.5	1	1	0.5	0.5	1	0.5	0.5	3	1	1	0	0.5	1	0.5	0	0	1	3	1	0	0.5	0.5	1	3	0	0	1	0.5	0	56205008	0	WhiteRice	56205008.0
WhiteWine	7	0	0	0	3	3	0.5	0.5	0	0.5	3	0	0.5	5.5	7	3	3	0	0	0	0	5.5	1	3	7	0	0	0	3	3	3	0	0	0.5	0	0.5	7	0	0	0	0	0	0.5	5.5	0	0	0.5	1	1	1	1	0	1	0	0.5	93401020	0	WhiteWine	93401020.0
WholemealBread	0.5	18	0.5	0	5.5	7	3	0.5	0.5	7	1	7	18	0	1	5.5	0	1	18	3	5.5	3	5.5	7	7	3	0.5	3	1	32	3	3	0.5	0	1	18	7	0	0	0	1	5.5	0.5	0.5	3	5.5	0.5	3	1	0.5	7	5.5	0.5	0	5.5	51201010	0	WholemealBread	51201010.0
WholemealPasta	0	0	0	0	1	0	0	0	0	0	1	0	0	0	0	0	0	0	0.5	3	0	0.5	0	0.5	0	0	0	0	0	0	0	0	0	0	0	0	0	0	0	0	0	1	0	0	0	0	0.5	0	0	0	0	0	3	0	0	56132990	0	WholemealPasta	56132990.0
Wine	NA	NA	NA	NA	NA	NA	NA	NA	NA	NA	NA	NA	NA	NA	NA	NA	NA	NA	NA	NA	NA	NA	NA	NA	NA	NA	NA	NA	NA	NA	NA	NA	NA	NA	NA	NA	NA	NA	NA	NA	NA	NA	NA	NA	NA	NA	NA	NA	NA	NA	NA	NA	NA	NA	NA	93401010	0	Wine	93401010.0
